0 0
0.06 0.059964
0.12 0.119712
0.18 0.17903
0.24 0.237703
0.3 0.29552
0.36 0.352274
0.42 0.40776
0.48 0.461779
0.54 0.514136
0.6 0.564642
0.66 0.613117
0.72 0.659385
0.78 0.703279
0.84 0.744643
0.9 0.783327
0.96 0.819192
1.02 0.852108
1.08 0.881958
1.14 0.908633
1.2 0.932039
1.26 0.95209
1.32 0.968715
1.38 0.981854
1.44 0.991458
1.5 0.997495
1.56 0.999942
1.62 0.99879
1.68 0.994043
1.74 0.985719
1.8 0.973848
1.86 0.958471
1.92 0.939645
1.98 0.917438
2.04 0.891929
2.1 0.863209
2.16 0.831383
2.22 0.796565
2.28 0.758881
2.34 0.718465
2.4 0.675463
2.46 0.630031
2.52 0.582331
2.58 0.532535
2.64 0.480823
2.7 0.42738
2.76 0.372399
2.82 0.316078
2.88 0.258619
2.94 0.20023
3 0.14112
3.06 0.0815022
3.12 0.0215911
3.18 -0.038398
3.24 -0.0982486
3.3 -0.157746
3.36 -0.216675
3.42 -0.274825
3.48 -0.331985
3.54 -0.387951
3.6 -0.44252
3.66 -0.495497
3.72 -0.546691
3.78 -0.595917
3.84 -0.642999
3.9 -0.687766
3.96 -0.730058
4.02 -0.769723
4.08 -0.806618
4.14 -0.840609
4.2 -0.871576
4.26 -0.899406
4.32 -0.923998
4.38 -0.945266
4.44 -0.963131
4.5 -0.97753
4.56 -0.988411
4.62 -0.995735
4.68 -0.999476
4.74 -0.999619
4.8 -0.996165
4.86 -0.989125
4.92 -0.978526
4.98 -0.964405
5.04 -0.946814
5.1 -0.925815
5.16 -0.901484
5.22 -0.873908
5.28 -0.843188
5.34 -0.809433
5.4 -0.772764
5.46 -0.733315
5.52 -0.691227
5.58 -0.646651
5.64 -0.599747
5.7 -0.550686
5.76 -0.499642
5.82 -0.4468
5.88 -0.39235
5.94 -0.336488
5.94 -0.336488
