0.06215683384227852 -0.009267758751044797
0.409047619945353 11.359850565330987
0.6361029969519635 16.802482812181132
0.873720735986781 10.532082572440753
0.4374765414890239 12.300836608468927
0.39402201861540664 10.034560067426552
0.5346282659666635 14.571513052665765
0.9347540530385028 7.2484118933903465
0.651807317539892 16.604995947625195
0.559810842796421 15.409263838182744
0.9256044921156066 7.705266536735371
0.4355175070928337 12.244563774738618
0.7623459774115812 15.120377124707446
0.22731479513759875 4.20525507274518
0.8387275859657216 12.100823874946972
0.7688499203980126 15.981769222536025
0.32215795022879884 8.179851467139184
1.0296232179948548 1.35044183353852
0.5953541524476397 15.792243987223435
0.4299618093176391 11.446396234683787
1.0361555984802364 1.1889018307370274
0.3258200703000438 8.080452879664177
0.758527767138022 15.2254245835282
0.4259818160978424 11.181908681347128
0.08600950205951287 0.8562698200390029
0.3312860519486783 8.770091540266163
0.9290936395488009 8.136869782619485
0.35115881108645547 7.876423742720249
1.0126816769132312 2.544371867195544
0.9374367396282501 6.9798910598472546
0.9911026044192013 4.741913134316459
0.29997280956971395 7.024112093448776
0.5297547878778082 14.53171359317614
0.5613271971765907 15.376625151153137
0.14231310836626618 1.8767777861220627
0.1955925986413056 3.463816459564451
0.3236283330499774 7.740430138103162
0.43462284017722086 12.805280045616058
0.5179643550268777 14.345125367952042
0.17763818536306314 2.8259860076257572
0.26931508725296527 6.542644786212597
0.12153334853462457 0.9876904727800512
0.7166078049282358 15.325104520959226
0.37888765100416916 9.04822464399012
0.24055141382533554 4.230019412818238
1.0314576625208403 1.7187459073143763
0.8139007340726181 13.276338826592347
0.041701449234583056 -0.23117959060106683
1.0042037807152482 4.0104674423646145
0.2554140150001252 4.560434172502573
0.18335934685808788 3.1570429405876768
0.5207377135107104 13.566205960871706
0.8861031723943668 10.446913302241166
0.5415678717302985 15.114673366251683
0.7010396757339555 16.214462663453116
0.8837264420093462 10.126650121706579
0.9398391237050852 7.487197941291196
0.6260681936875225 15.685520901572103
0.37125200058788255 8.463636272728188
0.03726333785415367 0.598693071444723
0.1328855045922559 1.1814886610855462
0.3058324594274806 6.797138632518066
0.34474650230311704 8.353186074190607
0.022101222941792818 0.5950971154931958
0.16760380704251235 2.494509975172363
0.3391828982822186 8.449070504518343
0.8497485094946994 12.719132910560658
0.339542753683246 7.890879542370953
0.4532194528960354 12.92145593851139
0.04070591000567691 -0.15234245462050233
1.0107114371964918 2.958561907368389
0.8751722406666483 10.423983777251621
0.584046995927478 14.872957171367158
0.6766726164201242 16.30171218354041
0.8655049976816841 10.837962025042518
0.9155553400008873 7.622673126940719
0.5128879726992057 13.56678502845116
0.6730000030775085 17.2106774009451
0.690932969510764 16.44220625615112
0.7402308485130936 14.383749674798112
0.4306053334794752 12.204472962203683
0.6936881211420206 16.08216259089643
0.5744469734035992 15.273401312798988
0.19358509356023543 3.0224337463329367
0.8680910639193407 10.777410472063016
0.11023032231486177 0.4324434595857789
0.9190796671913103 7.802187367480953
0.6331473713632153 16.144708333995872
0.8005650325868396 13.675640737480188
0.07210627112029325 1.0348611614008898
0.07933710994600766 -0.6348652628067472
0.7705471130863055 14.930695703390903
0.9294152404606315 7.481610941651928
0.11399101697222816 0.4957605432873169
0.29487007485278444 6.355529394678462
0.2995462569798604 6.646122015538471
0.9787682698783188 4.371076981701027
0.47931117546929325 13.63264161643777
0.11083507314303262 1.1144210637869087
0.23180655723730673 4.33046984083579
0.9501803295625347 6.760679330172193
0.6593126715902753 16.001924570685265
0.48226032512130945 13.184872332838204
1.0443258327046734 -0.1131981915323054
0.0173459677291467 0.8026916252722567
0.4856744931063272 12.929181812423579
0.4444969020186537 13.620657925478053
0.9119159482288837 8.188349597984415
0.16339638438567436 1.6859785828999425
0.14576388469287063 2.094071855847769
0.28712920080311216 6.748059029171484
1.0092120106886253 2.1948265125149238
0.4175974356275576 11.440791166494726
0.673637007676809 15.841661800458052
0.32982095688844276 8.002996240936334
0.014694725103393381 -1.3573958170107379
0.3673966730141039 9.36990944973935
0.29566357989535746 6.222218471014978
0.9714728774215686 5.15810537824287
0.19993025898178102 2.9836683793494676
0.8176059720980543 12.848107106161248
0.5553524281544746 15.292623029706197
0.24572942585371482 4.526078890375011
0.0759511242872363 0.8320727448765768
0.12196722322407762 0.6442128098839622
0.6779534969359904 15.804210559149489
0.3869128509790125 10.045085272358541
0.8245124083630175 12.468245044595795
0.7409976937517356 15.934991538034806
0.8528259486330826 11.285898746006767
0.3388884936711297 8.283023205218742
0.11842815024800303 1.1549725002425608
0.4651890335973084 12.545912089382938
0.4955849793619864 13.055816617729652
0.3912407263425455 9.433983927750058
0.6861477767137547 15.756474978249015
0.18823067391527495 2.521220673383375
0.18119673597277972 3.163026072302929
0.9884807461175092 4.07438113685871
0.3156691590778392 6.817628195317586
0.017755886148725676 0.7983349513916407
0.8039029438747154 13.079998950947354
0.37695842452607214 9.488583645479299
0.612272978676934 15.756091079149067
0.7340809374364202 15.406951142964019
0.8355809931972388 12.72641266652535
0.7585901642870493 15.893064813866438
0.49298417666918665 12.747294700387481
0.49270137886191484 13.744074298439665
0.22767591292755238 4.579352789335938
0.03821048500490237 0.46346671880837786
0.716976092637462 14.433850566975782
0.8054874378303566 13.176993757814076
0.5467727156241637 14.56327986425401
0.7978288689611247 13.585450408697193
0.7041008487426548 15.64991029695858
0.7577164806206809 15.962751356479801
0.7552590487981332 15.135026891666072
0.509487286588765 15.05041708905142
0.12331757195671503 1.6927704349764734
0.8352319383976382 12.042355081958803
0.23621334410818637 4.6531638893436895
0.5485974372953002 14.8556967139533
0.6836914158749875 16.491745265914645
0.41007779830016683 11.415297360430525
0.41848878274530416 11.21714965741464
0.780424896203498 14.720928298796842
0.8490325231433379 11.757485482672624
0.3054186453885309 6.896287441824169
0.19254293659653965 2.897214541839138
1.0004183540335494 3.8808046161813468
0.07830842018401463 1.0278067458455342
0.5876457950685743 15.713649649645218
0.33923098528745 8.58357057597032
0.9707029536138891 4.8283324307804
0.9885370242525268 4.163498270156175
0.16093923395759016 2.0800142851479375
0.6678351219619493 15.798983863685718
0.7408761339168602 14.970331962519282
0.02026027913141784 -0.4006774042481634
0.6097117772029805 16.172885508001293
0.8644721466118531 10.567436956267079
0.4276271558113352 11.662556557795641
0.05436204446472447 -0.35029399681975093
0.5578718575438867 14.159483849901159
0.508242097514469 14.812721418988128
0.5071851140171045 14.547750664097899
0.34309202989260457 7.303097034317
0.8700403830343476 10.59072473943736
0.6565777792045511 15.800329456306212
0.8873294522572682 10.737866910385021
0.16382306480063058 2.71989403490741
0.4971888295106157 13.789032856984996
0.9854463021426427 4.105416648836154
0.2702532888618894 5.207991617207323
0.20028224455017837 2.348941600849912
0.8687299252319363 9.358326361608881
0.9332447076485402 7.855892099110911
0.48861427117507256 13.23310486240894
0.7329070631860635 15.159839489197068
0.7487541020177682 15.306136900224377
0.9762052922681924 5.111699727638701
0.639818106680902 16.02456683514422
0.3257964216244615 7.494659122393087
0.9446204478175793 6.91431700680407
0.6555926801805193 15.658354336790246
0.23782004409590274 4.139510514917328
0.8544437228892889 11.518741063889207
0.08208084437779893 0.5999242670977933
0.4908145978574059 14.067421489700209
0.5959569938864371 15.617900083009985
0.11127428965774734 0.8378990271943196
0.5722393020436465 15.411589392004576
0.7788970359951661 14.366769460381825
0.20705721446709385 3.7665717167792465
0.5855378837920772 16.7337127280005
0.9706825529217973 4.997160612938465
0.3957600229704957 10.258233851398844
0.7756699613185448 13.925304947211606
0.9174656334465878 8.559501084042182
0.19290215721661555 2.317611104825688
0.7331947127033904 15.147654350169262
0.4379200607302971 12.025270600343507
0.62650836066236 15.615174047976705
0.4115806359236307 11.01211182088966
0.09735758740092458 0.4758619240729376
0.41657401559117224 12.069624558431597
0.9289161280472695 9.06788626533383
0.5872737544401986 16.38876368920836
0.046090517113942964 1.387367845945095
0.30492804698396503 6.912930949671602
0.04520993157861684 -0.6623871380853535
0.47246163365556976 13.073084178036428
0.5491207002357127 15.31362281556206
0.7406478661630082 16.076040476770775
0.9868334257709885 3.805631107375925
0.9276322797860151 7.720717009688427
0.3190336483723511 7.50020932829379
0.24105650527781802 4.026722840992608
0.6305589309873482 16.366474274654244
0.5888066750260578 15.368809533625365
0.3649401421792999 10.193190111584691
0.7943952327744955 13.770305063977197
0.027472468776598095 -0.21086879134440742
0.6384840703707327 15.720715747654802
0.9759578514861857 4.73501037515897
0.8537529654759117 12.253320887135956
0.5187431074436043 13.969960869869356
0.6784761226274746 15.733743739322012
0.9776990142456359 5.450853885554781
0.9866826912349863 4.142238471640818
0.17096445263302099 2.3592948960563596
0.8233556303583052 13.736049570072813
0.20711339405168297 3.3934223392719693
0.95744842856216 6.514517219363124
0.6707535982952432 15.401382054876876
0.218868951301743 4.539990978355245
0.3753185078390369 8.872447121932172
0.4384783636845207 12.819031697121728
0.46482797010037175 13.56347885029363
0.4943982990842093 13.387006994599782
0.42804723896733554 11.810521322944608
0.9055147950857877 9.133272197891694
0.24330178984030698 4.372351615519268
0.821357858680742 12.778936454939034
0.32192777992091287 7.732413331685887
0.8912866903149955 10.123083644987018
0.13642908100952866 1.3881550611529416
0.2649557517540393 5.857872823529454
0.18787307012501164 2.6919474723131516
0.8071242906618253 13.439740996954468
0.1579686911670169 1.2293630966117388
0.8892523174717756 9.650958523706041
0.2502154595705962 5.638187072127641
0.778700523832128 14.478568290409322
0.7321584207673375 15.16163169212363
0.6054097228292163 15.101249564340744
0.4296882387407284 12.114906213507647
0.8956745034651368 8.40140796920658
0.6690374273678925 16.17129126767644
0.2885044649791727 6.735789740472175
0.5566837409584595 15.040912410992819
0.8122532909148588 12.513594495153372
0.553510920064157 14.952235448056857
0.8009500937980977 13.948955650999183
0.8996075712961301 9.643536406830437
1.0262113191267173 0.7854496618171912
0.30275772856083993 6.5203564759793
0.92829195701534 6.976388262615695
1.01965051518918 2.319925406890827
0.2499767122016138 4.982472461676839
0.6153421657184923 15.692996901706843
0.3525146085021987 9.516445336239531
0.6728157434135899 16.153093190444842
0.8301740803515976 12.629187846951693
0.4392249748277234 11.929421249338027
0.2146852051168931 4.177144446615021
0.6614484678878775 15.885959971407004
0.6961316952253412 15.987025261413581
0.6371138942992068 16.09673478129429
0.49332378189312076 13.541764298399926
0.12520018333516753 1.188112422710491
0.07017103719634268 0.9816327694150115
0.12354914743119638 1.4576380725788602
0.6454796982310543 16.533973563029736
0.7942941166212111 14.106352766867115
1.01456856365898 2.6519962532442256
0.4100603478736952 11.688701586566397
0.8647809150861697 11.751407830723089
0.05137425395350039 0.656815201099296
0.4053327291098931 9.889713330510837
0.41736643850840066 11.641421685179138
1.0419124892424858 0.9597415769962706
0.7353774179154318 15.360247907667961
0.6024679863534227 16.237637541104572
0.72200171164476 15.486386120330486
0.20267485825246878 3.925656429778218
0.5903474239860502 15.536031155749853
0.7678183898261289 13.582775427640582
0.993867401620971 3.9265530021487836
0.009628291240983937 0.6108262230765106
0.6798758553096116 15.534614918602177
0.8099852802037852 13.793802683234398
1.041219924383895 0.14535080631648561
0.9985549173251435 3.3665966545923345
0.8584088572655812 10.757835104924396
0.9096061128101585 9.01163404043919
0.8576020724609076 10.953005172672466
0.315463761763149 7.55871410712665
0.03670178271044085 -0.3949113884394155
0.8446014752752188 12.71001146238107
0.4596387200719212 11.218848404038956
0.6735228875340447 15.663003383630684
0.04708406884128821 -0.1671016293458884
0.9168660081610788 8.915372887554534
0.5692892911189932 15.486935595349665
0.49945623208769035 12.897349024683631
0.18806515344208424 3.0877529819975416
0.3911112346220408 10.305654294593323
0.01836777789320817 0.351179400627625
0.9040873890919069 9.043247965014052
0.9135132652936856 9.14015651853436
0.9403275799295295 6.79711126198549
0.9244336214318948 7.768724040793442
0.1465803388659343 1.8964126507614434
0.537135079078353 14.385957735834678
0.18766356881066545 3.36788539226522
0.6252182392518542 16.215732134853837
0.9674404199834771 4.830111420728402
0.5170318270035661 14.06243668257938
0.41753002646480813 11.584329714055215
0.7508126343247381 14.819787147557244
0.5067655178930641 13.220455957681068
0.3130755785591999 7.428431798019384
0.10001084499545668 0.4696516448338932
0.4256865886686288 10.593449312861756
1.0286508260119185 0.7563519112638992
0.11377516835473342 0.2745017382801913
0.056238881847194847 0.45688882900441835
0.07536395723204624 1.830372243640082
0.2152839654286586 3.8388815957806526
0.47755173735291767 12.911987211496257
0.7235859016386714 15.16060816163648
0.4103354829386665 10.852919860894401
0.9987841465599052 3.671698091016693
0.6553515099163162 16.77152679998632
0.8329674864455626 12.105243272864453
0.16578929741616902 2.5607130065292325
0.9027425668556203 9.013848494505423
0.7977746968264305 13.981687370639651
0.690607454756244 16.349054397095777
0.8803074539915232 10.355632962992278
0.4126827537317484 12.384719963472733
0.4365288036800122 11.736756238098524
0.6560068588734237 16.641791018268947
0.39004943875183784 11.038363500433672
0.7300930059076348 14.363459276245463
0.528623271382353 13.829744648515474
0.5311970137892167 15.552100949458737
0.5391273497980978 13.875529665229054
0.5637134416600568 15.089885573045228
0.3080778531867918 6.463561895045799
0.6680160734052933 16.12296129229668
0.6870243296276873 16.806773293708794
0.6003107890956305 15.319952242969094
0.009218915855112897 -0.3507605010541979
0.3368277665714153 8.954090554521049
0.1322833766682635 1.9709844174349085
0.5792878643636428 16.463219904378036
0.9769461009419877 4.470054824052249
0.338390817584955 8.04341188313599
1.0204335922649848 1.8983216190336554
0.5365182787019865 15.13247171965318
0.7009631738045521 15.50950628474371
1.0400263812760404 0.6105471123273758
0.8643442292916262 10.884173878021917
0.5435887882459117 14.933680237548794
0.07515634181428883 0.371277083383287
0.29853583305818193 7.063277993597993
0.6548429530344071 16.2799691613144
0.11357477308019023 0.8317643191576216
0.5892963937638913 15.572956348888747
0.5560419228655835 14.195580878374725
0.6292063398673382 15.773178296322335
0.1943646077094977 2.8422231638727893
0.26756662299223233 6.441685196900335
0.8519159426867875 11.89126487424864
0.2872722999357418 6.389757613849617
0.7544949851963583 14.551539258995955
0.566535000942849 15.310909523303438
0.659414681640227 16.265229459659537
0.19759965876178237 3.5535851416742403
0.16793634251936151 2.5458741617970055
0.5318007244986367 14.008561978058832
0.1568291333511185 2.2218447713138025
0.5065346333549372 14.096527020700174
0.49899915888111224 14.607762465816192
0.4037817922266827 9.927839511796169
0.3312652182233279 8.335021754636232
0.1726069628391138 2.8918436005024994
0.24514363920195684 4.803945040683211
0.7612145943435239 15.439217064586591
0.9742519359074312 4.921334796630539
0.4921859536930858 12.960694299172562
0.1778945787567636 3.3097168274733706
0.6440062164447223 15.448767399361898
0.9081155340638667 10.194625799019956
0.41131681661398667 11.332577306924907
0.6686856726178988 16.501299800406514
0.43041753254384824 12.951252899842801
0.33885727702150814 8.264167475811885
0.31838069270725927 8.330896828958622
0.6993118712846293 14.232181629955331
0.42196738263996825 11.457623486614112
0.874333810315458 10.92173141264059
0.9785171549873792 4.165102334634944
0.026174004199037114 0.12941782167990068
0.5111074661119566 14.586408039765884
0.6036854273786134 15.313084871528572
0.4161990945970888 11.247211073501806
0.48479118777776026 13.763034104889408
0.5036159869305367 13.253420618280735
0.3262165364522634 8.114324064136044
0.4882147700615973 12.966702750522526
0.1408312593277156 1.6675357876160462
1.0197964319114357 2.5221655423018587
0.4995791843765032 13.550101949543572
0.7496653145510154 14.29096763132368
0.5937793357084924 15.9398861054175
0.8545480355262813 11.616062770184186
0.4102864395329728 10.161937571317889
0.4006824879441272 10.205090744266943
0.507488981694429 15.019342254510606
0.20585789034556962 3.6740331392847514
0.38521032238454145 10.29616737158911
0.7114374973807932 15.186854413593789
0.9215722446302269 8.81800348060295
0.6725093448321544 16.144865439887578
0.42442458660517735 11.82832488022243
0.01604833846442917 -0.04072605260714739
1.0361143974508185 0.9895712554571642
0.6243012951105198 16.02144407927492
0.4870872200374978 13.34058132295371
0.7412312922159667 15.480761930020297
0.7141897744176304 15.67250069775808
0.663482888907772 16.12488569795689
0.26348459035215555 5.71681521736941
0.6694428621028632 15.627309047563598
0.2508080534149916 4.576819998516722
0.7110102530906698 15.348520942977023
0.6850477096269084 15.952965601382541
0.9659080215546214 5.647992751713601
0.03699081290310498 0.22722616506311172
0.43592633465361097 10.894816744180654
0.5104578911854785 14.722244947996217
0.35667048314435995 9.42422870388507
0.8370435380137679 12.637492396490005
0.4324998380580789 10.958262160260874
0.3733635914028868 9.443965757400589
0.9202457363276506 8.035256851173607
0.05874393066155969 0.2530865006126557
0.6914176851694187 16.88867306821457
0.013300522422458995 0.07785402108823142
0.4649874423276465 12.495785384058765
0.11331755538694291 1.0054909511281083
0.021035309870696146 -1.0160328237761829
0.42591495887494824 11.500219781585711
0.18497206673146063 3.4395414902761843
0.6467411284910854 15.962552505092694
0.7624324094075446 14.991668240537635
0.550812915536743 14.088210617509876
0.9825283011794196 3.7899365052655942
0.6100926267951167 15.355051532437152
0.22659982711396143 5.03055892991107
0.526310879527138 15.140455387836672
0.5432926958863696 14.293050893619371
0.07133687637773298 1.190601883163816
0.6834115023770049 15.43506112979348
0.8119942876083346 13.954829745125354
0.4743336198604469 13.17991173922122
