2.1024218911180874 -2.379519254147489
2.7546587592464338 7.139950141338847
1.3258542069011972 2.29524499677589
4.216638023741033 6.14297572572412
1.0701792865625457 -7.0198525883243414
1.8875681577932575 1.0851688225233795
6.342268777802828 7.342823593030056
4.605568091992849 -1.7211862635082777
4.3951327532007465 -0.8180755132275777
4.260262980024039 4.924361587748054
2.760738523098816 3.811539039672837
2.1049624138096488 -1.4023568044187942
2.4736928432996534 0.687625659518014
0.14474611611809407 47.96842555432148
6.756892906305812 0.6908010706669989
5.386975530134323 4.176429414956251
6.969583624210707 0.10156224211134646
0.513137121450949 14.096995169072775
5.392384227168675 2.2002471894062907
2.978770751682922 0.6483541925515763
5.620555524118867 3.965327734498409
5.416792036652453 2.2550091041050933
6.948501584120651 3.2511903351607723
0.3884815330275414 24.8902704197227
2.834865799897652 6.397596381128595
1.8217978424840688 4.2852933886508255
6.015301577246978 0.282863566828228
1.1485489995699618 -1.362838297383484
1.4242295738046304 5.921644018540665
4.556770431755385 1.2832458916720983
0.37575116843354706 19.660905905529077
1.512488380204688 8.179616866094408
5.939322238311893 3.8795575931472612
4.8632243112081746 -0.02120595604783293
5.180771049312833 5.785998583225348
0.63997796411995 0.0399261272154211
4.226160390773391 5.044442441453423
6.817282881154773 6.635729885651389
4.446205291273328 3.2188465107646715
0.714068440718904 -5.390071637869282
5.731339054877392 0.5758736264553235
4.053148287688909 4.906673924311575
6.768790334771669 3.2083349037677102
2.361238705126917 0.9057564530791842
4.765451651528416 0.004455777414685391
1.7556768755707457 2.4874500220288676
6.1176562148089495 2.9887630986930245
4.261684579790481 4.511599876638869
1.3860559589321764 4.35287517985136
2.133886114798424 -2.798161282376297
6.633711248126051 3.837740147178459
2.4636954359839605 1.8474686899788824
6.496742902703908 4.490142959422591
2.0821931333805495 -3.0660139351666493
2.0427110146289653 -2.0975063484217586
3.251931055808881 -0.9045797190760412
5.445166092040218 4.578881519014648
5.298295767499315 5.832030487123912
0.7187853639419571 -9.181159030691827
5.32873847784631 5.544853672763303
4.595445850645373 -2.0946222775787153
4.821719509389966 -1.0273915630124133
5.570893166554471 3.726961438260318
6.497577222027209 3.6263167509462853
1.235565322943578 -3.2711721624210193
3.098022634664173 -3.162295974125278
1.2265458240365616 1.2766490855847223
6.298200863481663 3.382513650816454
1.5213455571086094 7.137641561490809
2.616643119386971 2.593882746700313
3.9125334246223487 2.582670836690623
2.8041684787140375 3.792675335832495
5.954484394240712 4.852423399027462
6.098257538413403 0.393659358400388
3.6079328147769987 -0.5809111676426948
2.5386615825343477 6.081278977187571
5.240013134259241 3.0852292431368955
1.0508943904555936 -5.6560377658092165
5.770401001692921 1.7347761837410127
2.066386823595013 -2.8051754479819446
1.6512656035036066 12.320135996974145
4.6196352055144985 0.7211620891036528
6.427363779163602 -0.8028000232090893
3.952338242585422 2.108694593172732
6.504019361389844 6.933372965798068
5.651458500862751 3.6969231418933384
6.192654948928952 2.099477420381552
1.0730004518438199 -6.148656946697709
0.2895113474320391 36.67682046200372
2.125143249319563 -1.8617482954715028
0.32350642473667024 33.54309701480665
2.4048673838756 -3.18932660986704
3.840098233137224 3.3105091247673517
3.9245093801063446 3.9092474123405925
6.758202228234165 5.91013032478487
3.573087530626372 -0.7729408362237069
2.5838139506009012 0.9688519173345307
5.0778068944372485 3.4238825875838614
6.0793634465679105 2.424058887391204
5.811979320585745 -1.75563369853416
2.0276389137893136 -0.3270458010613464
4.298889493138232 2.770499382817407
2.5182578461223812 3.4262012422236743
4.499803726134038 6.91788851043168
5.092222623052424 5.5262211037431985
6.641956690353665 4.215462305906112
5.315699235428129 4.835648044332863
5.281455595489833 3.628533281599638
6.3937453710917165 6.621034865881956
6.117279554765143 3.991914395580383
2.467514983668946 0.760770348958669
3.6242051713292254 -2.0285679202813154
6.519568486775975 5.926475668973923
5.70447210657138 4.629278435380572
3.5762669293916556 2.209870930001354
6.961508361058323 5.437789736734528
5.040160563626519 3.503216253994114
4.7653192576635055 -0.2763449567749974
6.9884669648736395 -0.3902991922701391
1.2370053126184581 -3.424534390468051
2.417428335780026 -0.23321483481662053
3.714987026434731 5.728714894420599
2.1472167458189513 -3.706349526929858
6.873906471645521 0.5049755989406148
4.984895478956025 2.7753727589384227
0.41762748075378964 19.004344902474777
3.505289709863922 -0.5334766161409583
3.6935499597920383 -0.8326917546196861
4.807251098034321 2.040041388747425
3.618640446893578 1.56493007520347
5.36346605108702 8.254141807473347
0.41760296182706835 21.242029523503277
6.938780537725928 5.082872306179077
1.9273566924642398 -0.7232598570994754
2.8357825826583403 4.283793314737322
0.15234171702313637 43.55657631880935
5.321670580444977 7.023761692189452
5.533095674709674 5.602999115333061
3.146508325222577 0.8426364245168395
3.9209397457020816 3.0511886638151315
5.7730905432193005 2.8790271382503136
4.559313720511255 1.3050337150923208
5.874777229017693 0.02671133941052206
0.05437245983623795 48.766510911016795
1.9220959232061707 0.36982947719291076
2.035229894019542 -2.3829454159757932
5.312093735784895 6.751340194108804
0.7735937224227631 -7.069602593937192
5.722041931864853 5.056455506752741
0.7164010193699849 -7.417279580844013
0.4645922229112601 16.009328503702374
0.35232835874070667 28.220761233478463
4.1961676476609 2.1616365053742967
6.515559157402041 3.05976033309382
6.136354328323229 -1.3237858289480444
4.692279163976475 -0.23264374441254743
4.17226103574092 5.738830700488178
1.9160509600002373 -0.44353346989366493
4.713005744261133 0.48833671297154874
0.2983178080025102 33.85283070267836
0.5931231678410738 3.350917610300856
0.9584656987080782 -11.35512821367059
4.341604550078323 5.948451100131141
0.7330926517667612 -6.4222748477547045
2.30405050097215 -2.8209014861660355
3.294646431950115 -1.335709873933904
6.906718545523739 4.75143552271762
5.465426258850633 4.034697981789484
0.271066400582445 38.73248449393812
0.34719879910286544 30.54326694459639
1.2477719503116815 0.2576922305798554
3.7328871771438705 0.7632872750460717
6.2422344789967426 3.023162425048303
3.135561514799874 3.993073175383728
5.612040983453126 2.1007380208262796
0.6746336382206117 -7.723693754046139
6.116943144860926 1.7895242071762631
3.7412906543029045 2.6536282426658264
1.3131304886850197 2.940763616560084
0.8154450041694757 -11.154819353561052
2.99095299254847 4.3787368363686365
6.191659430660355 0.16839972824126903
1.4852673563000907 7.142445948796316
0.33295508099809124 30.207933288149214
3.8085898106137996 -0.011520867651468425
0.648192540467744 -1.1578433632716512
2.510941148428779 2.170721374729364
4.721852887370077 0.23253528535444357
6.485491276220899 2.7679457465596973
0.6740440415018755 0.6418867751796871
0.28501041755106904 37.59040648108356
2.7089782038741372 7.247461496868743
4.875592680446792 0.44121367844354376
1.7743608688468302 1.6187069578441347
5.210431889397173 3.549823906056877
5.821239739728781 2.9248696653348354
4.278169857338929 0.5455494736137432
1.3878440356196853 10.037813133085628
2.872660910836727 3.572526816739598
0.007494963671087929 50.01272448162238
2.033873662610845 -2.881146759310151
2.765902975736277 4.488598296562735
3.2369664983227864 0.15866990611579873
1.0486424779997274 -6.318279577241447
3.3649239572396263 -2.781655509310789
2.398695832465094 -0.6448715352165064
3.992305613352281 5.196602637535236
2.8530744496411202 4.696943016618512
3.7345134741297317 1.64776388487126
6.843695430471817 5.4711636417320015
5.394304619429069 4.754334357601303
5.010658223857238 5.910178696354835
0.47366019496741074 14.776061151798496
0.49238029309605547 12.776819683788418
4.474505491728321 0.07577292526336121
6.281515836339419 0.7344323949782643
5.366557751399933 4.181196521156691
6.763813681522665 4.9083641937301525
4.0686472472640265 4.833688987440798
0.20778786497899093 44.06822345185096
4.945079910463051 2.0403857431903405
4.147289501297454 1.6032561920470516
6.008810249183636 -1.96701481432174
4.957935620693599 -0.15473076430343324
5.067557202264883 2.576227073366524
6.8324828402746824 2.976875029096882
6.819405663577638 2.172573078043026
3.9402023552872163 0.873045070848903
5.891656393908437 3.649915867112484
5.57253941810281 0.23812997796233182
5.0645118460859235 0.7406220615787036
1.4927430414720255 5.18408702519296
2.330734415666288 0.36106088495294
1.737537540682523 5.15145984384751
3.3516145580804495 -0.5550396397954315
5.972488924468229 2.7067273192441474
1.500269537741123 7.424965495614769
3.087037294434677 1.1421153258606045
0.6790992400412589 0.6497125971897018
6.403590276377764 4.472357950057031
1.1978108719528282 -6.572556891754995
0.9445124307221489 -9.55364027791336
1.2482643422128912 -1.4872618131843203
1.8966842760551446 2.6702436253120956
5.408751681700538 3.6536671070414863
2.648582449850079 6.714474367325558
3.1194425193039685 -0.022793178693892857
4.337350693210907 3.4189416813367886
1.765295950473472 5.089790074607116
6.476916768335598 6.854231471392296
2.1000567246506856 0.3881277365173905
3.5019745471704167 -2.4836171790427533
5.28203242727046 4.4703898757545435
6.635861681409984 5.454162681519693
5.241815108756321 4.856148862194594
2.3020886104145717 -3.865332864771113
4.068837478156789 6.547959550742208
4.822628928609706 5.35467079144297
1.9849727727217732 -1.1137009201769388
5.09994314115389 -0.3354929578048296
5.105519635206413 -0.09043267613868
4.404420064977779 1.6612811481114647
4.505185307292177 1.2110676109822849
0.19099285497358776 41.73886341065514
3.8910647078719593 2.4033770403281522
0.537928093663448 9.107329205064522
4.925379073317611 -1.3260430777790968
2.7944041893496956 5.219330160681676
4.404145271917974 3.4911177692093944
5.911178578195932 -0.3286294353023824
4.4732131823359955 2.78492738520868
1.6684307758984502 9.462990057316237
6.633172953793572 3.573718049791743
5.96595687537486 -0.6489474182625272
4.12376715682178 4.96909512506965
3.964483027139221 6.494759722902845
5.743328160302134 4.340633524303674
3.084213913900701 3.102537409244052
5.212420769699262 6.177224266729233
0.7612077505146944 -7.495654814116025
1.727115422684208 5.341427625305705
6.5452266452355286 4.660956528799485
4.427097053949845 -2.3037698548506387
6.300643177539309 3.9562300855724173
1.105364240091322 -5.477256783015904
6.638109501779779 4.4460688540277795
1.5673614317426878 6.179266993577884
3.876201789983453 0.46509409368038357
6.528708611879382 3.675671744835983
5.0011844747063465 2.0310656298956906
3.5955434249464293 1.2157979469542386
2.3578894302901396 -1.283983697857444
6.186842001790299 2.7202082656954767
2.2404879434914804 -2.347142333824066
2.1963417225998505 -3.4152324618342393
3.606465961647747 -1.290993788075862
3.1399516060358375 1.329661141724267
4.645620752118715 3.4620821754375326
1.1365368558925715 -6.978318307289855
1.7888876369122049 0.43417739361058816
1.6786186646239472 12.423569856312703
6.033139959327352 0.28637790761555504
6.054887109232903 -2.1179888987068676
1.9875902337110016 -3.533467726463985
2.2560309913384824 -3.5706763922254514
4.245848312693125 1.680093253724538
6.549889046798195 6.145375468356898
1.7660022613014372 5.288662924593078
2.455045859646563 -1.757985177591191
2.2540165830252676 -3.884401953506565
6.557754883667198 2.7536446565284916
4.616761726555422 3.9014280610768983
2.931952996519346 5.80902839045032
1.2595390692584634 2.5234916391869597
6.72469448749117 6.818069551121264
2.6565762912010227 2.5001726756156195
4.166630773314526 -0.05511834033690732
1.1627845946711282 -5.036444744496497
2.9919828308671077 4.9480749005178515
0.9917408897272522 -9.94983409100415
2.39371078798071 -1.778946761687135
3.0467056000963355 5.195772719466582
2.6706439830212916 8.495730293923359
5.216751607362742 3.2472918750370074
4.395597059184403 6.005640887095565
6.808328726187861 1.8289957356825992
3.1193044139277237 3.1500282618285587
6.264972565933298 2.5374474311573416
1.9670344326112525 -1.8625736943304803
1.3462809861613159 4.621156166192451
2.508134581037795 -1.6882721276457227
5.314870894946572 6.1956990587052845
4.718164477515032 3.6549103472269064
2.702481927382783 4.030674830946041
6.556105964820656 2.9078150415694743
3.3321972663436994 4.610373276234138
5.232649772683771 5.280262350414983
0.49648196030072167 9.746547692370896
6.104850780761772 2.6013771232965968
5.617744661051999 3.5942601357549826
1.1088887340949687 -4.3424396568218375
1.9095684553780814 -0.6740440967795738
0.5545174767278245 7.662224665592924
6.4865966345804 1.781141564034269
2.198203358321628 -0.7303503551167352
5.702879773874123 1.3575011274068727
4.458706030318345 2.9631790266261544
0.4027537094974136 21.74942662813827
4.74146987097561 -0.5582357636932416
0.9233806084715609 -11.36970572705793
6.565974973064322 4.206555399813949
3.3930996810319374 -6.315679068081014
6.070117017872219 1.7168805291857374
2.13871765072909 -2.410196915078247
6.743958449245571 2.437969555113055
3.763577176331975 0.08019065742177944
3.952092502717446 4.018776169858237
5.963592404833912 -0.08761601662260876
5.320470548903593 6.120743009448057
1.4548063840456906 7.492444620773183
2.4302426853258674 1.3282654861660645
4.910522753115337 2.6143035303541096
2.1553606691915306 -8.348815550862428
3.7563555146011316 3.843458905871874
4.206649128819485 2.7075977828007507
6.73054239780538 5.548692520012889
3.1278616677730584 3.988728637842449
2.519940085788169 2.7785832398224617
2.5503069194197865 0.028440597855594163
0.5055226118970387 12.044552452066984
6.34673985239055 0.7818953759681384
6.527290277192212 3.9817967739358258
5.128899659901215 3.5090711655375655
0.7726482104197582 -7.768042074684377
3.298814045440989 -0.7359162152190408
6.583139694835439 5.335667933136924
4.154878450446836 3.2848656233816733
1.2925797703804656 3.4211196551086376
2.8542992021772924 7.510390154419495
3.6123371783295726 1.2389309822258452
2.4297943415642558 -0.5849253911381329
1.287087192631502 1.325671007144156
3.48931811028489 -4.488942689132886
5.919464319074986 -0.721765867784804
2.7909313347587217 5.769012385834303
4.293887561568273 2.8233257361277473
5.593379755080942 5.556740406082039
5.487412288328045 0.4359191051247113
2.091546629329125 -5.771105604032147
1.6935501327909823 1.988584193117131
5.574401700948456 3.038547690039966
3.2142380277546363 2.732619842269346
0.9272126988774704 -9.73987438717585
4.930782540324463 -0.2219915808116717
5.504027237641567 4.237222974719752
4.061895299262542 4.721123988099301
6.9432601484584735 0.4648509362812008
1.5691965943481758 8.018218198567673
1.1949700349257855 -3.538034465779132
0.7268480834420835 -7.072816438855314
4.136178264026978 3.654523694901595
4.296267324932018 3.1019579434774633
4.146933408522453 3.4444651298236932
5.76427016337188 0.6022414728990273
3.1394942696390427 0.7792998858728454
5.262425735375725 5.909433150947326
4.723315579360352 -0.6623309771758469
6.30535197172802 2.3683010359752372
0.7843477798228623 -7.921560982238503
0.4780304029560154 14.047368538660225
1.8019738115137116 3.456684666397017
1.0097422028179541 -9.062467837888496
0.5779081495513394 2.7427517070727
5.354543432634084 4.80409225616682
1.3132705027586806 4.5144902761867725
2.111976662235507 -2.7657993053692116
1.225507910442121 -4.470102521499911
2.896238179178495 5.782932422121978
3.144806818541171 -0.9533709193471267
3.1789500924362235 -1.663441177520983
3.17603886677603 0.37574064180601485
5.126920243941839 5.335370789875842
4.684344955640558 -1.657602026583958
6.005545390393692 -0.8313395050066312
1.7149210548096514 2.389823960591606
6.161324193138604 1.815671085850298
0.6049865739434723 -1.3559339966258905
6.460915116743594 6.032289024129297
4.090298775573776 7.484954667724548
5.651525685719975 -1.2838058425209073
6.84188574013604 4.22245537835511
4.208969931712071 6.111222811950878
5.196802057287778 0.17534548975843567
0.010320285850922595 50.786758816010874
2.891884475241349 1.839092810976013
5.562182071575169 4.73356173977116
6.530509916698393 8.375379548860915
4.014735458267652 4.986462600567397
3.6014191554711656 0.2812918068424959
3.708066063693809 -3.902245695366388
0.3233676659352198 31.70793445406214
1.8579374629560925 -0.40827586925316517
1.599369065399328 4.220387648325307
6.2260897363196115 4.313124567422542
1.692034396510674 5.640702875537212
1.4659109069189813 6.143966874807149
5.83367224395929 1.0403926448674317
6.8431143256060665 2.5913473960103817
2.744175162744259 5.037519604758366
0.029494306924227054 48.382874866850955
2.870589303024093 6.939442192686673
4.533837491838762 3.0028546287161006
1.8074013364524104 0.1939054149223094
3.803922905785801 0.8307383120174276
3.632837302400155 0.6780162248484306
2.9608583719632273 5.780863270883187
0.11630722610232302 48.08926859621343
5.908909312263639 -0.043347343913580305
6.085751331248313 -0.6606620004985615
0.6445119974751969 -0.18125990397913505
5.495848232232711 4.706012396325681
6.191504053845756 1.5929963237556952
6.332183792597913 5.045221936865239
4.309140399288189 3.787480827469399
2.1769743846392613 -5.191923143859118
3.3975783342147157 -1.9026851447388362
5.190814929820583 2.8417496181128437
5.41825098690026 9.176028471233282
6.497644600861607 5.337895078847376
5.409841421084107 6.839688011676605
3.301513417351193 1.7788762609467141
3.119988193598656 4.808746672382309
0.03962400361254281 50.864318553216364
6.127464117315701 4.82212846377327
5.290373538448496 4.581227840697597
1.054976523921263 -8.08166377232035
6.986119273588495 1.267459384673359
1.2516732756985738 -0.05634189691523139
3.1052925707500316 5.37498829353906
4.0772924055944415 5.772797030506935
3.770073192154074 3.1237255656588223
1.5620353752882652 8.913246402012362
5.553050920706395 4.730249924487861
0.8931592888365829 -6.025385622396685
0.29726560972481686 34.409214841429424
4.032324303815262 5.0042527521859315
6.953191620425901 0.08868066018227516
4.34220849164125 0.6172159630041696
6.161640163787386 2.2649150087265886
4.0562340968569295 6.556668094967515
3.458666833423391 -1.7478979110693191
2.613412153630847 2.3884081717882326
5.191506632474015 4.644683618087181
5.475080625394794 6.8761101308277475
3.991423440681553 2.7892689424690453
1.265775990207179 1.0791914868009116
4.369403013546982 -1.6500786551045596
6.2170983816559096 3.6007618322450714
2.5215998504153943 1.383507080701492
2.5696660989947686 2.4180037458475034
