-2.0 5.971342014657522
-1.979899497487437 5.853672861742399
-1.9597989949748744 5.571864760047292
-1.9396984924623115 5.150244403110122
-1.9195979899497488 5.027213549766811
-1.899497487437186 4.670299005152225
-1.879396984924623 4.683135005156806
-1.8592964824120604 4.46999496605104
-1.8391959798994975 4.4316630505303225
-1.8190954773869348 3.8765039376906905
-1.7989949748743719 3.6874431462732242
-1.778894472361809 3.6401607348038985
-1.7587939698492463 3.3565511596122968
-1.7386934673366834 3.359381527961458
-1.7185929648241207 3.2489112495452876
-1.6984924623115578 3.031833505010448
-1.678391959798995 2.5931404181807527
-1.6582914572864322 2.639534790071491
-1.6381909547738693 2.277729703404163
-1.6180904522613067 2.348181529772744
-1.5979899497487438 1.9822659296908096
-1.5778894472361809 1.8785020161721357
-1.557788944723618 1.7214299983093109
-1.5376884422110553 1.738335266875529
-1.5175879396984926 1.5542127613802952
-1.4974874371859297 1.4110167152114697
-1.4773869346733668 1.49712276192727
-1.457286432160804 1.4352880975287092
-1.4371859296482412 1.1713042264391027
-1.4170854271356785 0.8512180511647515
-1.3969849246231156 1.1005109532832473
-1.3768844221105527 0.8198272977709806
-1.3567839195979898 0.6945580189425277
-1.3366834170854272 0.44282935668181234
-1.3165829145728645 0.5677894276402843
-1.2964824120603016 0.3443856113846217
-1.2763819095477387 0.23211451856950135
-1.2562814070351758 0.4392537619969116
-1.236180904522613 0.3561913236368154
-1.2160804020100502 0.21691144309710259
-1.1959798994974875 -0.15124830483555565
-1.1758793969849246 0.023186233093360487
-1.1557788944723617 -0.12751730797758798
-1.135678391959799 -0.3611349003502591
-1.1155778894472361 -0.17184236742236741
-1.0954773869346734 -0.2273540506372977
-1.0753768844221105 -0.3694472254985759
-1.0552763819095476 -0.2928666509520176
-1.035175879396985 -0.598953811073315
-1.015075376884422 -0.503233020463202
-0.9949748743718594 -0.5338649007808721
-0.9748743718592965 -0.6146281265386259
-0.9547738693467336 -0.48579405345536764
-0.9346733668341709 -0.48935677185469234
-0.914572864321608 -0.6343714449450184
-0.8944723618090451 -0.8316749307846238
-0.8743718592964824 -0.6838058128052733
-0.8542713567839195 -0.6951168009433284
-0.8341708542713568 -0.6575123413085046
-0.8140703517587939 -0.816565435757774
-0.793969849246231 -0.5995402254679254
-0.7738693467336684 -0.9121794089206506
-0.7537688442211055 -0.6097580443799906
-0.7336683417085428 -0.8307378097620863
-0.7135678391959799 -0.8111790323533138
-0.693467336683417 -0.7384267183881279
-0.6733668341708543 -0.9110905695974155
-0.6532663316582914 -0.7633951954407714
-0.6331658291457287 -0.9477199264382665
-0.6130653266331658 -0.703473005514749
-0.5929648241206029 -0.8119925812872845
-0.5728643216080402 -0.7183993568396289
-0.5527638190954773 -0.7853681565291344
-0.5326633165829147 -0.9541342420686804
-0.5125628140703518 -0.6653725520295057
-0.49246231155778886 -0.6966563245772832
-0.4723618090452262 -0.5616484517443281
-0.4522613065326633 -0.6565853104103524
-0.4321608040201004 -0.8099100278021977
-0.4120603015075377 -0.48040999989556094
-0.3919597989949748 -0.7021586605889738
-0.3718592964824121 -0.7179800660731199
-0.3517587939698492 -0.4025310161773468
-0.3316582914572863 -0.7289420872363246
-0.31155778894472363 -0.5910383514953197
-0.29145728643216073 -0.6114233654293985
-0.27135678391959805 -0.42025311141586225
-0.25125628140703515 -0.2855692926989254
-0.23115577889447225 -0.5705502267896709
-0.21105527638190957 -0.3208464715275046
-0.19095477386934667 -0.4533148826390152
-0.170854271356784 -0.4298339044577969
-0.1507537688442211 -0.4568659252293363
-0.1306532663316582 -0.10602249096645006
-0.11055276381909551 -0.10579950125405499
-0.09045226130653261 -0.007846842443992252
-0.07035175879396993 -0.17901691198747188
-0.05025125628140703 0.08545660242482897
-0.03015075376884413 -0.1698543833442612
-0.01005025125628145 -0.1006798001509109
0.010050251256281229 -0.12968803422309155
0.03015075376884413 0.1159038537500059
0.05025125628140703 0.025601725906328823
0.07035175879396993 0.0249399638539147
0.09045226130653283 0.21641999843008466
0.11055276381909529 0.04769859321470177
0.1306532663316582 0.2188639414740466
0.1507537688442211 0.48694012892032634
0.170854271356784 0.32541881398339134
0.1909547738693469 0.5885753486540813
0.2110552763819098 0.4156842871547316
0.23115577889447225 0.3037299132038124
0.25125628140703515 0.5969167790126313
0.27135678391959805 0.515157906173233
0.29145728643216096 0.44873529576719373
0.31155778894472386 0.7684753616714917
0.3316582914572863 0.8523871984668904
0.3517587939698492 0.8934177172883071
0.3718592964824121 0.6782558901193825
0.391959798994975 0.7798191925024937
0.4120603015075379 0.7112134849746117
0.4321608040201004 1.0368425603715217
0.4522613065326633 0.8358057777353916
0.4723618090452262 1.0575200401456648
0.4924623115577891 1.1146129328427228
0.512562814070352 0.929954213356039
0.5326633165829144 1.1487593953833928
0.5527638190954773 1.2500118806447862
0.5728643216080402 1.306657253164171
0.5929648241206031 1.2861942217345332
0.613065326633166 1.1315299512372714
0.6331658291457285 1.2685884828451064
0.6532663316582914 1.344791909507406
0.6733668341708543 1.1981999294786874
0.6934673366834172 1.247798408868825
0.7135678391959801 1.3200482319402183
0.7336683417085426 1.1590965052914144
0.7537688442211055 1.4371239811776488
0.7738693467336684 1.4696393845621114
0.7939698492462313 1.2532406993264729
0.8140703517587942 1.535792022714678
0.8341708542713566 1.2599737021835955
0.8542713567839195 1.544577447453642
0.8743718592964824 1.4715455384387548
0.8944723618090453 1.5617923121840853
0.9145728643216082 1.4836052286528998
0.9346733668341707 1.5739376106854004
0.9547738693467336 1.393754413479945
0.9748743718592965 1.533031100843933
0.9949748743718594 1.335898941843431
1.0150753768844223 1.6033199983003226
1.0351758793969852 1.6135101245386376
1.0552763819095476 1.6499984069872264
1.0753768844221105 1.654445246084042
1.0954773869346734 1.3455500968971768
1.1155778894472363 1.5052536351171455
1.1356783919597992 1.2886596909700623
1.1557788944723617 1.332562232843025
1.1758793969849246 1.429894153588694
1.1959798994974875 1.4468255353185722
1.2160804020100504 1.1945901252006323
1.2361809045226133 1.5092344195986045
1.2562814070351758 1.320188235019197
1.2763819095477387 1.166261533024877
1.2964824120603016 1.1330936643600236
1.3165829145728645 1.3511678596258885
1.3366834170854274 1.0345239905812722
1.3567839195979898 1.1204333597819252
1.3768844221105527 1.0163374312588032
1.3969849246231156 1.0981077358537634
1.4170854271356785 0.8874790697027912
1.4371859296482414 0.9713528187632556
1.457286432160804 1.0714944978362508
1.4773869346733668 0.824194228582668
1.4974874371859297 0.9549478342011928
1.5175879396984926 0.7817874044198369
1.5376884422110555 0.5086502963947728
1.557788944723618 0.5139549134968888
1.5778894472361809 0.40333525360957156
1.5979899497487438 0.5228202797603843
1.6180904522613067 0.3513987811760645
1.6381909547738696 0.22138870655308707
1.658291457286432 -0.04303489374888203
1.678391959798995 -0.1266912509168865
1.6984924623115578 -0.0710402129260948
1.7185929648241207 -0.06784942413064199
1.7386934673366836 -0.3208853055270725
1.758793969849246 -0.3125988592573841
1.778894472361809 -0.6601253244880735
1.7989949748743719 -0.7426349719990353
1.8190954773869348 -0.6052559245914249
1.8391959798994977 -0.9950704435424237
1.8592964824120601 -0.8856002685895381
1.879396984924623 -1.239215481114166
1.899497487437186 -1.2749243241141741
1.9195979899497488 -1.5053740919783993
1.9396984924623117 -1.502737616345245
1.9597989949748746 -1.5949083650808484
1.979899497487437 -1.9679375760160815
2.0 -1.9455343035535846
