1.0 0.43445039566321075
1.0452261306532664 -0.4455162612762077
1.0904522613065326 0.2928272811483451
1.135678391959799 0.1460222648041194
1.1809045226130652 -0.086286052084074
1.2261306532663316 0.646258365691333
1.271356783919598 0.02669738954438955
1.3165829145728645 -0.19017283544814806
1.3618090452261307 0.23774745428398203
1.4070351758793969 0.18242255011394315
1.4522613065326633 0.6793453522259254
1.4974874371859297 0.560249809629805
1.542713567839196 0.7425787847576495
1.5879396984924623 0.5847242590847966
1.6331658291457287 0.9609750622826654
1.678391959798995 0.9048243702046618
1.7236180904522613 0.8355000309823737
1.7688442211055277 1.1520366507070927
1.814070351758794 0.7086948651872211
1.8592964824120604 1.1835376446860666
1.9045226130653266 0.8510418789669438
1.949748743718593 0.9089183474877337
1.9949748743718594 1.1585511056122555
2.040201005025126 1.13748782582995
2.085427135678392 1.5382111330246322
2.1306532663316586 1.118618270688837
2.1758793969849246 1.2671880821462729
2.221105527638191 1.334314642027975
2.2663316582914574 1.3487676329802873
2.3115577889447234 1.4783150797321218
2.35678391959799 1.3371732106884713
2.4020100502512562 1.7761771703771365
2.4472361809045227 1.1172307614946613
2.492462311557789 1.2612060453889982
2.5376884422110555 1.527291678828468
2.582914572864322 2.0950899654291097
2.628140703517588 2.0213505669418166
2.6733668341708543 2.1400471437333253
2.7185929648241207 2.2240700973453476
2.7638190954773867 2.156426229606109
2.809045226130653 2.343503984574368
2.8542713567839195 2.33811021103657
2.899497487437186 2.190892799950052
2.9447236180904524 2.24745177076812
2.9899497487437188 2.3145373959096145
3.035175879396985 2.3642089156203236
3.080402010050251 2.828108317205187
3.1256281407035176 2.8343643142338215
3.170854271356784 3.510167277085086
3.2160804020100504 3.6660665260922993
3.261306532663317 3.0804394512891893
3.306532663316583 3.2093961241580726
3.351758793969849 3.208159218856934
3.3969849246231156 3.6962622263316183
3.442211055276382 3.842115382414925
3.4874371859296485 3.4074867634171078
3.532663316582915 3.723912032429962
3.577889447236181 4.123881868954076
3.6231155778894473 3.8901400220048785
3.6683417085427137 4.688389943724314
3.71356783919598 4.930052247268057
3.7587939698492465 5.014743737517354
3.8040201005025125 4.9116755336060365
3.849246231155779 5.224016167924497
3.8944723618090453 5.356199283136704
3.9396984924623117 5.759621910007547
3.984924623115578 5.520640430799971
4.030150753768844 6.064153623725805
4.075376884422111 5.634808916567902
4.1206030150753765 6.214750356887468
4.165829145728644 6.412859666928196
4.211055276381909 6.636698157197828
4.256281407035176 6.725711581114382
4.301507537688442 6.275378633203851
4.346733668341709 6.912478589638225
4.391959798994975 6.817076661243042
4.437185929648241 7.281106678623971
4.482412060301508 7.37648571870657
4.527638190954773 7.744761859473774
4.572864321608041 8.111927294269899
4.618090452261306 8.32450587332932
4.6633165829145735 8.518412234400024
4.708542713567839 8.363306013781314
4.7537688442211055 8.47892185897441
4.798994974874372 8.197041089084788
4.844221105527638 9.324464111060932
4.889447236180905 8.714042614780565
4.934673366834171 9.752332790231963
4.9798994974874375 9.562642955563051
5.025125628140704 9.514090544045166
5.07035175879397 10.347789415213036
5.115577889447236 10.461607866198234
5.160804020100502 10.680146266338202
5.206030150753769 10.922053228898315
5.251256281407035 10.951664879519393
5.296482412060302 10.753942992551377
5.341708542713568 10.803154804517353
5.386934673366834 11.360414595138813
5.432160804020101 11.617979114174144
5.477386934673367 12.377046579947105
5.522613065326634 12.342764456506908
5.5678391959799 12.999721513000086
5.613065326633166 13.227663788100568
5.658291457286432 13.200612692718403
5.703517587939698 13.651261086841199
5.748743718592965 13.984360363306877
5.793969849246231 13.528730026936026
5.839195979899498 14.04201084495647
5.884422110552764 14.670559980004812
5.9296482412060305 14.177997062209528
5.974874371859297 15.406062413334165
6.020100502512563 14.728279492502136
6.06532663316583 15.072655431711489
6.110552763819095 15.4435698809629
6.155778894472362 15.813688783693197
6.201005025125628 16.763542009709617
6.2462311557788945 16.588468900447857
6.291457286432161 16.932465469695206
6.336683417085427 16.945365083881537
6.381909547738694 18.04331098786504
6.42713567839196 18.217986605293458
6.472361809045227 18.346352224558252
6.517587939698493 18.915694263125356
6.562814070351759 18.746985329292336
6.608040201005025 19.525629471274247
6.653266331658291 19.271150636212756
6.698492462311558 20.18072228319171
6.743718592964824 20.486111398621787
6.788944723618091 20.287883521696607
6.834170854271357 21.007401081923703
6.8793969849246235 21.492170098688852
6.92462311557789 21.35576032884453
6.969849246231156 21.74635045977841
7.015075376884423 21.89315977933165
7.060301507537688 23.099230881122796
7.105527638190955 22.9620753142566
7.150753768844221 23.48661810193686
7.1959798994974875 23.79059427647936
7.241206030150754 24.07690064227271
7.28643216080402 24.863564935429984
7.331658291457287 24.653483308290138
7.376884422110553 24.83773253236491
7.42211055276382 25.67539764482304
7.467336683417086 26.205023415391434
7.5125628140703515 26.03434056096416
7.557788944723618 27.328745858397856
7.603015075376884 27.1723689988987
7.648241206030151 27.680567147857147
7.693467336683417 27.804892235075425
7.738693467336684 28.429591282282615
7.78391959798995 29.346804346954986
7.8291457286432165 28.89634114663303
7.874371859296483 29.65111962203661
7.919597989949749 29.71168050588854
7.964824120603016 30.803498102270364
8.010050251256281 30.654443892472855
8.055276381909547 31.423378108489505
8.100502512562814 31.90556004572609
8.145728643216081 32.44109901519446
8.190954773869347 32.54618866751953
8.236180904522612 33.39410473341424
8.28140703517588 33.99272135180483
8.326633165829147 34.4414389735757
8.371859296482413 34.33241617351524
8.417085427135678 35.52502058267403
8.462311557788945 35.17701096526601
8.507537688442211 36.19028314683492
8.552763819095478 36.970579953509244
8.597989949748744 36.65784635770163
8.64321608040201 37.78350007325465
8.688442211055277 37.95064012118795
8.733668341708544 38.73264482625583
8.77889447236181 39.42319986674423
8.824120603015075 39.6681776629871
8.869346733668342 39.70015777966326
8.91457286432161 40.199443652188286
8.959798994974875 40.765641449589744
9.00502512562814 41.07178352844442
9.050251256281408 41.888943908893374
9.095477386934673 42.982542412884044
9.14070351758794 42.76860472615608
9.185929648241206 44.06957323844858
9.231155778894472 44.504828855021714
9.27638190954774 44.45449699180059
9.321608040201005 45.61804061639469
9.366834170854272 45.41869634702799
9.412060301507537 46.44942959318924
9.457286432160805 46.9752128345605
9.50251256281407 47.62568067271109
9.547738693467338 48.56119337218318
9.592964824120603 48.57786609167
9.63819095477387 49.31405970570154
9.683417085427136 49.75067703576768
9.728643216080402 50.55323650524621
9.773869346733669 50.97966365077207
9.819095477386934 51.979276218137414
9.864321608040202 52.15425110597611
9.909547738693467 52.45828653192294
9.954773869346734 53.40724014054403
10.0 54.03450131674216
