t y_t
0.0 39.42702577732126
0.0005005005005005005 73.3536082859954
0.001001001001001001 81.9325611502082
0.0015015015015015015 85.60334263626265
0.002002002002002002 59.612964981228174
0.0025025025025025025 75.45349973294073
0.003003003003003003 73.0263847429392
0.0035035035035035035 86.36206986894904
0.004004004004004004 85.10807262175067
0.0045045045045045045 104.83049497920851
0.005005005005005005 97.6332286576901
0.0055055055055055055 71.0258370288146
0.006006006006006006 97.19265993875553
0.0065065065065065065 114.73778790820298
0.007007007007007007 106.50722374793818
0.0075075075075075074 107.04877569899132
0.008008008008008008 85.9631509773146
0.008508508508508508 106.71214280701791
0.009009009009009009 128.58425171265083
0.00950950950950951 95.11096672160522
0.01001001001001001 108.29224895382595
0.01051051051051051 133.65685483865008
0.011011011011011011 107.03768660184612
0.011511511511511512 120.19276485705016
0.012012012012012012 102.70437032087817
0.012512512512512512 131.84409508510544
0.013013013013013013 129.95631462388923
0.013513513513513514 98.8232223709663
0.014014014014014014 123.82447928211543
0.014514514514514514 104.28716546729686
0.015015015015015015 122.70041586616318
0.015515515515515516 93.47150477979731
0.016016016016016016 105.37907646922366
0.016516516516516516 90.2213655733436
0.017017017017017015 100.13698854330352
0.017517517517517518 89.21636071064941
0.018018018018018018 102.53141000987623
0.018518518518518517 87.1188825834123
0.01901901901901902 100.07462116451691
0.01951951951951952 122.75404656660983
0.02002002002002002 84.80168036194769
0.02052052052052052 117.91839610261022
0.02102102102102102 98.9039416794862
0.021521521521521522 79.32257693269237
0.022022022022022022 82.12302846735571
0.02252252252252252 66.00831583961627
0.023023023023023025 95.1110818286592
0.023523523523523524 77.88493076691324
0.024024024024024024 81.57433082433917
0.024524524524524523 70.00406019249819
0.025025025025025023 86.02989557455028
0.025525525525525526 54.69946538476362
0.026026026026026026 57.15475610496347
0.026526526526526525 69.41816625751977
0.02702702702702703 56.94867608627669
0.027527527527527528 64.19549401108917
0.028028028028028028 34.74238288221252
0.028528528528528527 35.42300713166771
0.029029029029029027 50.73852458463688
0.02952952952952953 32.41931228811513
0.03003003003003003 58.50709733021282
0.03053053053053053 24.70662227497366
0.031031031031031032 28.603920909980275
0.03153153153153153 33.13521731448375
0.03203203203203203 18.101940356154174
0.032532532532532535 13.981113127444047
0.03303303303303303 48.48160213592433
0.033533533533533534 39.410058261237076
0.03403403403403403 19.95208174792149
0.03453453453453453 32.57478890559381
0.035035035035035036 12.616748201856623
0.03553553553553553 19.319121359593893
0.036036036036036036 4.4706356906103295
0.03653653653653654 25.94462135330167
0.037037037037037035 2.439779670330303
0.03753753753753754 21.939040071970012
0.03803803803803804 38.630591122300004
0.03853853853853854 44.157452497039735
0.03903903903903904 16.386640629722777
0.03953953953953954 44.34104712651476
0.04004004004004004 37.088458847490244
0.04054054054054054 40.44247703095532
0.04104104104104104 46.83617687132186
0.04154154154154154 12.78442535919843
0.04204204204204204 43.83131728883712
0.04254254254254254 51.15347933079457
0.043043043043043044 43.08049836412612
0.04354354354354354 28.774259830824676
0.044044044044044044 25.143834166585933
0.04454454454454455 41.867261562421525
0.04504504504504504 58.61092307791428
0.045545545545545546 29.918372938098358
0.04604604604604605 32.575620834949476
0.046546546546546545 42.065415352021034
0.04704704704704705 77.9004529754814
0.047547547547547545 42.194228386868595
0.04804804804804805 82.58315824072704
0.04854854854854855 63.52846893811435
0.04904904904904905 68.26667331652493
0.04954954954954955 89.05818063690599
0.050050050050050046 63.97771117706321
0.05055055055055055 87.47560868491182
0.05105105105105105 98.6970806177388
0.05155155155155155 106.30420420666383
0.05205205205205205 77.70765800963858
0.052552552552552555 92.79942286577224
0.05305305305305305 116.3781914167732
0.053553553553553554 116.12083906111047
0.05405405405405406 109.08696438463737
0.05455455455455455 118.67237978172774
0.055055055055055056 130.88473248497993
0.05555555555555555 98.64778921701232
0.056056056056056056 121.58756754622439
0.05655655655655656 130.16964558625108
0.057057057057057055 134.80548934675016
0.05755755755755756 107.83259916407202
0.058058058058058054 137.13670451948212
0.05855855855855856 115.08995000999948
0.05905905905905906 119.42535597822352
0.059559559559559556 130.20381318294477
0.06006006006006006 111.26516009521185
0.06056056056056056 123.39742150064936
0.06106106106106106 149.7677335100064
0.06156156156156156 117.76060416339621
0.062062062062062065 132.4572819281424
0.06256256256256257 142.96090326427318
0.06306306306306306 143.58999498863597
0.06356356356356356 139.4851729543224
0.06406406406406406 107.04218573630322
0.06456456456456457 135.47634442119806
0.06506506506506507 126.47362269327402
0.06556556556556556 125.79729106863623
0.06606606606606606 134.9969724286999
0.06656656656656657 108.6537048814038
0.06706706706706707 115.80840014479949
0.06756756756756757 99.361610235393
0.06806806806806806 138.28130134836726
0.06856856856856856 109.13141158727898
0.06906906906906907 128.43681911350973
0.06956956956956957 114.3815383199933
0.07007007007007007 119.58931800197742
0.07057057057057058 82.81020598283393
0.07107107107107107 85.11576597387727
0.07157157157157157 87.82330085483005
0.07207207207207207 89.64252789059131
0.07257257257257257 105.123015050015
0.07307307307307308 88.65740491217804
0.07357357357357357 90.00105004068585
0.07407407407407407 84.04653226291535
0.07457457457457457 55.43951725254313
0.07507507507507508 61.019933352921484
0.07557557557557558 71.73026365667079
0.07607607607607608 67.62876880782943
0.07657657657657657 40.896246188921765
0.07707707707707707 60.922998302121336
0.07757757757757758 40.73532916022782
0.07807807807807808 37.11667463539762
0.07857857857857858 68.05790784169918
0.07907907907907907 50.48435018804092
0.07957957957957958 19.611851559403874
0.08008008008008008 42.38641815591451
0.08058058058058058 22.09108845625908
0.08108108108108109 9.517392807471019
0.08158158158158157 8.668954209545767
0.08208208208208208 34.43776783266133
0.08258258258258258 8.832542705392925
0.08308308308308308 42.24350486537747
0.08358358358358359 19.675224569430412
0.08408408408408408 22.25942897111357
0.08458458458458458 -1.3032118711892693
0.08508508508508508 7.441779155421912
0.08558558558558559 -8.958371198988651
0.08608608608608609 0.639322672061823
0.08658658658658659 26.03501049624296
0.08708708708708708 -4.590515804944097
0.08758758758758758 13.892247979703434
0.08808808808808809 10.507524402159966
0.08858858858858859 3.144631077641826
0.0890890890890891 11.946390356034435
0.08958958958958958 25.016857858465364
0.09009009009009009 4.840228187937122
0.09059059059059059 3.8816046967814515
0.09109109109109109 28.00265112144053
0.0915915915915916 29.218145340735305
0.0920920920920921 15.692920410727638
0.09259259259259259 17.69399449725489
0.09309309309309309 32.96372775930183
0.0935935935935936 39.8401465925462
0.0940940940940941 0.18551942323366433
0.0945945945945946 34.717848383549075
0.09509509509509509 20.782222748170305
0.09559559559559559 19.774932221001706
0.0960960960960961 45.101489941522914
0.0965965965965966 25.335144367852447
0.0970970970970971 38.493366538225146
0.09759759759759759 51.73709202797119
0.0980980980980981 30.136083387436695
0.0985985985985986 47.8617354225956
0.0990990990990991 59.49400161349546
0.0995995995995996 51.30006491416548
0.10010010010010009 41.34539174150417
0.1006006006006006 39.01219756122631
0.1011011011011011 70.20822840054933
0.1016016016016016 51.928139268646596
0.1021021021021021 82.99628535088782
0.10260260260260261 85.73341350766623
0.1031031031031031 76.92456507426405
0.1036036036036036 83.85359856115586
0.1041041041041041 73.39623953554279
0.1046046046046046 96.494106542945
0.10510510510510511 95.99321806479051
0.1056056056056056 84.70857443840195
0.1061061061061061 86.28173963666993
0.1066066066066066 90.92646271395344
0.10710710710710711 66.40331717694471
0.10760760760760761 101.4851593292513
0.10810810810810811 96.55731270943221
0.1086086086086086 85.98212194754714
0.1091091091091091 90.57715124738135
0.10960960960960961 92.96599926473046
0.11011011011011011 88.21773864628886
0.11061061061061062 83.87961229673309
0.1111111111111111 96.22154970234293
0.11161161161161161 92.77279299843245
0.11211211211211211 102.46538512864316
0.11261261261261261 80.26713263233964
0.11311311311311312 112.15093072938092
0.1136136136136136 110.07925248046081
0.11411411411411411 113.44712542415249
0.11461461461461461 94.85536914390283
0.11511511511511512 75.80605559415045
0.11561561561561562 74.30594010722062
0.11611611611611611 75.39957313932268
0.11661661661661661 94.31030493879317
0.11711711711711711 81.72894786326212
0.11761761761761762 66.97948639593247
0.11811811811811812 92.47816574856918
0.11861861861861862 90.30135019462571
0.11911911911911911 93.64950942329769
0.11961961961961962 73.7661116180812
0.12012012012012012 79.50400780459947
0.12062062062062062 53.085093592663526
0.12112112112112113 43.74416323241791
0.12162162162162161 51.95103896809945
0.12212212212212212 38.949402597326895
0.12262262262262262 54.72519698177054
0.12312312312312312 48.86982133460933
0.12362362362362363 22.508774702205677
0.12412412412412413 41.91625706002745
0.12462462462462462 36.886131820661795
0.12512512512512514 10.674986567380772
0.12562562562562563 25.257293823503307
0.12612612612612611 47.644888587368605
0.12662662662662663 39.65657779109663
0.12712712712712712 -3.069684094736097
0.12762762762762764 28.891773188894142
0.12812812812812813 8.988995134832969
0.12862862862862862 18.508767283433887
0.12912912912912913 5.094954806266756
0.12962962962962962 -10.115129498113152
0.13013013013013014 13.613447933960302
0.13063063063063063 13.137717259566642
0.13113113113113112 -1.493059349912535
0.13163163163163163 0.8193050861935234
0.13213213213213212 -20.029574716452267
0.13263263263263264 -22.29397143995678
0.13313313313313313 -8.588301284899394
0.13363363363363362 -38.95619748010783
0.13413413413413414 -22.009551891436907
0.13463463463463463 -34.890794879587745
0.13513513513513514 -23.661949982475058
0.13563563563563563 -16.087697904906946
0.13613613613613612 -41.093579807412674
0.13663663663663664 -26.01504205743321
0.13713713713713713 -31.168693522088805
0.13763763763763764 -17.86695706594334
0.13813813813813813 -39.30583069906184
0.13863863863863865 -29.62095872524279
0.13913913913913914 -6.760505168089104
0.13963963963963963 -26.731335372218872
0.14014014014014015 -1.4121597362299738
0.14064064064064064 -17.205962061420912
0.14114114114114115 -20.296765792081395
0.14164164164164164 -31.66868456215389
0.14214214214214213 -35.735522936394545
0.14264264264264265 -21.48543290578071
0.14314314314314314 -9.545456027994877
0.14364364364364365 -3.157367848604089
0.14414414414414414 0.6988240783506399
0.14464464464464463 -20.201551726688333
0.14514514514514515 -7.480804054009283
0.14564564564564564 1.3423319972407945
0.14614614614614616 17.80426095836641
0.14664664664664664 -7.76957144809905
0.14714714714714713 3.995001096882028
0.14764764764764765 16.41339837592875
0.14814814814814814 22.29788643957849
0.14864864864864866 26.226923164731232
0.14914914914914915 17.056442516487728
0.14964964964964964 26.052592120692978
0.15015015015015015 22.538792322549863
0.15065065065065064 9.507033228249353
0.15115115115115116 45.547345149591756
0.15165165165165165 46.75648546498302
0.15215215215215216 42.290169068661
0.15265265265265265 34.86751257511459
0.15315315315315314 34.0354700258426
0.15365365365365366 28.11137982743049
0.15415415415415415 70.03289202401183
0.15465465465465467 50.47508969388651
0.15515515515515516 74.40898457509968
0.15565565565565564 48.604287075241324
0.15615615615615616 68.56722942220159
0.15665665665665665 67.13250250552892
0.15715715715715717 75.09230451110531
0.15765765765765766 61.7773785495176
0.15815815815815815 81.8863395504359
0.15865865865865866 81.59520640227713
0.15915915915915915 66.69753031087059
0.15965965965965967 59.7443154389683
0.16016016016016016 56.44257780114751
0.16066066066066065 85.97816486316954
0.16116116116116116 92.90654044734794
0.16166166166166165 65.53336561587037
0.16216216216216217 74.0292760457549
0.16266266266266266 100.84927675671989
0.16316316316316315 60.659783193882774
0.16366366366366367 100.34325773389835
0.16416416416416416 67.54365668375746
0.16466466466466467 75.95226414099787
0.16516516516516516 82.21996109467807
0.16566566566566565 99.786104988174
0.16616616616616617 93.17083991888276
0.16666666666666666 72.89634600141048
0.16716716716716717 93.0350107240936
0.16766766766766766 66.0903830928417
0.16816816816816815 82.50925438878255
0.16866866866866867 62.5848352265554
0.16916916916916916 57.03343696571916
0.16966966966966968 41.59087505113709
0.17017017017017017 40.004645166221664
0.17067067067067068 64.98262519642026
0.17117117117117117 76.95742864200835
0.17167167167167166 59.274613992256086
0.17217217217217218 58.342140144408944
0.17267267267267267 29.76993933691362
0.17317317317317318 43.04484879394559
0.17367367367367367 21.50383006425868
0.17417417417417416 32.95528158177023
0.17467467467467468 42.67951634229949
0.17517517517517517 31.68921397581499
0.17567567567567569 36.35450472284862
0.17617617617617617 5.328955122473871
0.17667667667667666 29.760175213254513
0.17717717717717718 -0.5611752256394418
0.17767767767767767 -4.549687674020454
0.1781781781781782 24.17922067748499
0.17867867867867868 3.855942817772135
0.17917917917917917 -4.479185612919849
0.17967967967967968 -12.339721863003248
0.18018018018018017 3.447095479901485
0.1806806806806807 -4.1769442501529
0.18118118118118118 2.2043158617789373
0.18168168168168167 3.296748845015067
0.18218218218218218 -24.127597242517908
0.18268268268268267 -8.631454072508298
0.1831831831831832 -21.37915921936873
0.18368368368368368 6.230378651114556
0.1841841841841842 -15.549545070661495
0.18468468468468469 1.4962428373981425
0.18518518518518517 11.142858981926288
0.1856856856856857 11.014053597801428
0.18618618618618618 9.573291148607787
0.1866866866866867 -1.8724702296045947
0.1871871871871872 -21.751626129222508
0.18768768768768768 -24.828718040040197
0.1881881881881882 -6.159673026526605
0.18868868868868868 -7.899005493598736
0.1891891891891892 4.6657634782224875
0.1896896896896897 -19.097839173505278
0.19019019019019018 -2.346274993621769
0.1906906906906907 -18.96372054222688
0.19119119119119118 10.69476823675766
0.1916916916916917 12.477107879804237
0.1921921921921922 5.9568054769447585
0.19269269269269268 9.989352350922367
0.1931931931931932 -10.308671240275455
0.19369369369369369 -7.0039757058690455
0.1941941941941942 6.3149049289524655
0.1946946946946947 8.862783096804662
0.19519519519519518 5.662692605607273
0.1956956956956957 22.96683378521309
0.1961961961961962 26.70427281310054
0.1966966966966967 18.395897274485037
0.1971971971971972 17.29070333441285
0.19769769769769768 21.719948509176326
0.1981981981981982 56.688811534805076
0.1986986986986987 55.013345851320665
0.1991991991991992 55.389470445017494
0.1996996996996997 62.98294631079527
0.20020020020020018 43.29636161991869
0.2007007007007007 62.02287543568994
0.2012012012012012 70.02352817089076
0.2017017017017017 76.68211430040586
0.2022022022022022 86.50297321738788
0.20270270270270271 70.77608930891499
0.2032032032032032 81.18609294676733
0.2037037037037037 57.25177379106236
0.2042042042042042 99.89134036484214
0.2047047047047047 82.60311316225587
0.20520520520520522 89.19995758486047
0.2057057057057057 112.19459523446875
0.2062062062062062 95.38222192914864
0.2067067067067067 106.44071997246948
0.2072072072072072 98.79321020400755
0.20770770770770772 101.30886592790915
0.2082082082082082 122.22763222172503
0.2087087087087087 121.60569552602843
0.2092092092092092 108.65425581423833
0.2097097097097097 94.34173180119512
0.21021021021021022 109.82316488161649
0.2107107107107107 130.16272199037195
0.2112112112112112 120.21453498529249
0.21171171171171171 120.67053772875369
0.2122122122122122 101.34898069054223
0.21271271271271272 123.97179939201534
0.2132132132132132 105.45815277852867
0.2137137137137137 126.83491983308815
0.21421421421421422 107.40004009867977
0.2147147147147147 102.05105051883785
0.21521521521521522 132.91592549286312
0.2157157157157157 106.717449171853
0.21621621621621623 97.87099319681323
0.21671671671671672 97.18910230801023
0.2172172172172172 106.28548820367433
0.21771771771771772 93.2910820226421
0.2182182182182182 87.362626442665
0.21871871871871873 90.63128669101886
0.21921921921921922 122.96378842984532
0.2197197197197197 88.43371490036496
0.22022022022022023 102.6441982216053
0.22072072072072071 86.84436193914065
0.22122122122122123 110.888641771325
0.22172172172172172 75.56224522702304
0.2222222222222222 85.70581277921536
0.22272272272272273 64.86075553160721
0.22322322322322322 90.02409566984049
0.22372372372372373 83.16437906581703
0.22422422422422422 75.63939066219834
0.2247247247247247 86.99371403112993
0.22522522522522523 75.749768356161
0.22572572572572572 55.83433542956029
0.22622622622622623 60.04405149984246
0.22672672672672672 79.99445099723522
0.2272272272272272 42.16010316798554
0.22772772772772773 41.53689992062942
0.22822822822822822 42.08529733934236
0.22872872872872874 70.73942014505457
0.22922922922922923 29.06495054254911
0.22972972972972971 40.940472035114944
0.23023023023023023 43.13884646394014
0.23073073073073072 37.56751725242645
0.23123123123123124 45.569176716532475
0.23173173173173173 35.53309280254028
0.23223223223223222 20.77508792732069
0.23273273273273273 52.55979212246917
0.23323323323323322 24.519378862642597
0.23373373373373374 24.21624259850035
0.23423423423423423 47.50860629646617
0.23473473473473475 38.4377365067398
0.23523523523523523 21.625604955260272
0.23573573573573572 13.240532809815917
0.23623623623623624 3.461111704723521
0.23673673673673673 7.253221477667957
0.23723723723723725 18.16259035658544
0.23773773773773774 8.148031377739244
0.23823823823823823 30.05955893264283
0.23873873873873874 45.45792743219485
0.23923923923923923 41.23437267439282
0.23973973973973975 29.09418007040368
0.24024024024024024 48.45047277201373
0.24074074074074073 17.451487008389044
0.24124124124124124 39.74104673665406
0.24174174174174173 48.988339548196485
0.24224224224224225 43.91510714778429
0.24274274274274274 22.16104513339306
0.24324324324324323 46.78954003973162
0.24374374374374375 56.05503333192286
0.24424424424424424 31.55516442711093
0.24474474474474475 50.946262559467314
0.24524524524524524 50.240258920625166
0.24574574574574573 45.942298446473615
0.24624624624624625 73.7218625418183
0.24674674674674674 61.25111607651118
0.24724724724724725 53.23922490509659
0.24774774774774774 74.31224300909774
0.24824824824824826 80.90389773161455
0.24874874874874875 92.42554101998333
0.24924924924924924 96.93306955836202
0.24974974974974976 89.12967260658837
0.2502502502502503 66.07072160061699
0.25075075075075076 84.75528162205251
0.25125125125125125 106.0153376201445
0.25175175175175174 84.74727394891255
0.25225225225225223 112.79229875035314
0.2527527527527528 112.38841746299157
0.25325325325325326 122.73124835966084
0.25375375375375375 121.94629992672401
0.25425425425425424 115.02097071755345
0.25475475475475473 98.48969028576333
0.2552552552552553 113.4211956395134
0.25575575575575576 122.70321959970065
0.25625625625625625 134.15907627875012
0.25675675675675674 132.0916915751807
0.25725725725725723 127.33178752748935
0.2577577577577578 127.95296920380514
0.25825825825825827 120.78129769218693
0.25875875875875876 108.61480854162653
0.25925925925925924 122.1394418006667
0.25975975975975973 138.97628208921572
0.2602602602602603 110.94019949654832
0.26076076076076077 117.47083241965322
0.26126126126126126 139.8422149285521
0.26176176176176175 145.57639756274915
0.26226226226226224 145.7652098264087
0.2627627627627628 131.06227468630172
0.26326326326326327 128.312328873267
0.26376376376376376 130.8914444481014
0.26426426426426425 143.12602041359173
0.26476476476476474 134.61755184756845
0.2652652652652653 122.7822715161812
0.26576576576576577 132.7453526097139
0.26626626626626626 105.67642416819693
0.26676676676676675 99.93997402006941
0.26726726726726724 115.13805617122014
0.2677677677677678 120.35264999524058
0.2682682682682683 127.3571313861204
0.26876876876876876 116.05165939629289
0.26926926926926925 87.68496253815019
0.26976976976976974 116.5972943649444
0.2702702702702703 95.64672822354979
0.2707707707707708 78.4187536687414
0.27127127127127126 114.83847805926777
0.27177177177177175 72.27087652301026
0.27227227227227224 76.77739804829119
0.2727727727727728 65.09787953329935
0.2732732732732733 68.47867472709856
0.27377377377377377 94.63930585581002
0.27427427427427425 97.62859544857389
0.2747747747747748 95.36525384835714
0.2752752752752753 54.97695583821447
0.2757757757757758 76.84189864959835
0.27627627627627627 68.4539788083661
0.27677677677677676 54.0560440353495
0.2772772772772773 54.27796083334358
0.2777777777777778 63.93971034581455
0.2782782782782783 36.996431854545236
0.27877877877877877 45.16276316582933
0.27927927927927926 20.09809387571086
0.2797797797797798 31.428929576764894
0.2802802802802803 47.76903036826788
0.2807807807807808 48.82408526340816
0.28128128128128127 19.90658693524101
0.28178178178178176 12.297957015377932
0.2822822822822823 16.72437634036843
0.2827827827827828 7.678510612389616
0.2832832832832833 21.31087329822755
0.28378378378378377 26.918917498258253
0.28428428428428426 17.275373303467674
0.2847847847847848 7.374536109534652
0.2852852852852853 -7.178062763310329
0.2857857857857858 22.819739884852105
0.2862862862862863 -8.513832793779606
0.28678678678678676 8.4769934594339
0.2872872872872873 0.546237314849698
0.2877877877877878 -3.7218460556156145
0.2882882882882883 -3.9108513429908314
0.2887887887887888 12.168478641415454
0.28928928928928926 6.074954895553638
0.2897897897897898 -4.38515172826402
0.2902902902902903 -2.705534339603666
0.2907907907907908 5.845467600001953
0.2912912912912913 24.054952727798984
0.29179179179179177 -4.42624849438311
0.2922922922922923 8.633210463240637
0.2927927927927928 25.948686360610644
0.2932932932932933 13.73939771284332
0.2937937937937938 21.405502722246283
0.29429429429429427 15.512789780790484
0.2947947947947948 13.002998399485172
0.2952952952952953 41.0104431347866
0.2957957957957958 35.89074026653475
0.2962962962962963 15.907746826784713
0.29679679679679677 55.72266050812339
0.2972972972972973 54.46752331917956
0.2977977977977978 45.80796397643364
0.2982982982982983 49.737453213241224
0.2987987987987988 64.85751160133051
0.29929929929929927 48.836908155215845
0.2997997997997998 73.11483306987552
0.3003003003003003 51.403535865771765
0.3008008008008008 41.221894009192894
0.3013013013013013 54.36918698907087
0.3018018018018018 85.31646505600108
0.3023023023023023 83.99798672801589
0.3028028028028028 56.09442199822296
0.3033033033033033 83.10733955163106
0.3038038038038038 51.702620727787064
0.30430430430430433 66.16911535285129
0.3048048048048048 91.24351888815289
0.3053053053053053 101.60406063189981
0.3058058058058058 97.97216237296428
0.3063063063063063 100.46812936639554
0.30680680680680683 65.19498302165245
0.3073073073073073 78.39811574277084
0.3078078078078078 84.67008960237433
0.3083083083083083 107.24063469251189
0.3088088088088088 105.5035141164943
0.30930930930930933 76.05470699218466
0.3098098098098098 90.74324482242358
0.3103103103103103 108.72456952673716
0.3108108108108108 115.88599041904246
0.3113113113113113 107.54957502569681
0.31181181181181183 82.30679671785765
0.3123123123123123 108.74870002415415
0.3128128128128128 103.18557723463391
0.3133133133133133 96.3547029129073
0.3138138138138138 89.08765028178277
0.31431431431431434 109.67521635628782
0.3148148148148148 104.81121317174853
0.3153153153153153 98.85728832386314
0.3158158158158158 87.67824520619862
0.3163163163163163 95.09290485527812
0.31681681681681684 97.9253811289396
0.3173173173173173 60.20979766299689
0.3178178178178178 96.71425047714109
0.3183183183183183 83.29495999302355
0.3188188188188188 84.34515677727465
0.31931931931931934 82.92511028933922
0.31981981981981983 52.598250904960516
0.3203203203203203 45.77158454758013
0.3208208208208208 52.56962262449374
0.3213213213213213 54.68671272144455
0.32182182182182184 66.54487068894935
0.32232232232232233 35.67841416688525
0.3228228228228228 61.850908341348216
0.3233233233233233 60.110221660071474
0.3238238238238238 60.32922010233897
0.32432432432432434 27.440247943009197
0.32482482482482483 35.78639791102998
0.3253253253253253 16.698375280958253
0.3258258258258258 49.495490637648686
0.3263263263263263 6.995283467653133
0.32682682682682684 25.193695310102328
0.32732732732732733 8.705163623075904
0.3278278278278278 18.594863498940864
0.3283283283283283 28.13895398756753
0.3288288288288288 -8.928452233607445
0.32932932932932935 13.087967416436161
0.32982982982982983 8.006966283745715
0.3303303303303303 -11.199820905349878
0.3308308308308308 -23.88811924227867
0.3313313313313313 -21.74125366305048
0.33183183183183185 -28.05879007336961
0.33233233233233234 5.581174084851746
0.3328328328328328 -35.60447521112921
0.3333333333333333 -7.632544704023694
0.3338338338338338 -2.0133178957107916
0.33433433433433435 -35.948290674655105
0.33483483483483484 -26.722208904073277
0.3353353353353353 -17.36989250566404
0.3358358358358358 -20.277711732958036
0.3363363363363363 -17.13073262771107
0.33683683683683685 -45.10755200737162
0.33733733733733734 -28.021133119943638
0.33783783783783783 -34.16959722797345
0.3383383383383383 -35.29951302699546
0.33883883883883886 -43.43346597535687
0.33933933933933935 -7.905834305256832
0.33983983983983984 -19.602231193964414
0.34034034034034033 -24.645083392341355
0.3408408408408408 -42.77189442299232
0.34134134134134136 -19.523421552849662
0.34184184184184185 -13.686274980103128
0.34234234234234234 -29.719587559936823
0.34284284284284283 -18.55025321764019
0.3433433433433433 -29.166830286651884
0.34384384384384387 -23.28946379044246
0.34434434434434436 -2.746871531322359
0.34484484484484484 -17.548389828835372
0.34534534534534533 -9.4991338104724
0.3458458458458458 -19.326031981477914
0.34634634634634637 2.52777068885052
0.34684684684684686 -1.2328377042806657
0.34734734734734735 18.979193937046784
0.34784784784784784 31.41228043064478
0.3483483483483483 1.684438044713355
0.34884884884884887 10.827914478195172
0.34934934934934936 7.352992665406636
0.34984984984984985 32.246764536160576
0.35035035035035034 18.427115461245076
0.3508508508508508 24.72420938807613
0.35135135135135137 34.16361729585772
0.35185185185185186 38.61621870792677
0.35235235235235235 45.78563242713568
0.35285285285285284 39.66896155632409
0.3533533533533533 69.04191281364871
0.3538538538538539 57.14414237752011
0.35435435435435436 59.74788871641307
0.35485485485485485 55.7376136301295
0.35535535535535534 70.06647318244514
0.35585585585585583 64.54835885477962
0.3563563563563564 85.7041355186429
0.35685685685685686 58.40818035302955
0.35735735735735735 75.51679660874993
0.35785785785785784 50.802528683551316
0.35835835835835833 84.35681469149661
0.3588588588588589 86.05939560988546
0.35935935935935936 85.21886353803289
0.35985985985985985 64.94137488729382
0.36036036036036034 87.95310291682836
0.36086086086086083 93.75917065018494
0.3613613613613614 59.77498267834275
0.36186186186186187 68.3132700477468
0.36236236236236236 98.9502698271769
0.36286286286286284 91.77896638946905
0.36336336336336333 70.1493058602566
0.3638638638638639 67.40014317476508
0.36436436436436437 94.73871391764436
0.36486486486486486 82.80431643569187
0.36536536536536535 60.05209114918554
0.36586586586586584 84.68925905555963
0.3663663663663664 71.93723899366046
0.36686686686686687 77.12140662386236
0.36736736736736736 76.13866068825837
0.36786786786786785 85.00352212844825
0.3683683683683684 72.499599830968
0.3688688688688689 63.82320504219842
0.36936936936936937 75.00212390306311
0.36986986986986986 84.43526554476938
0.37037037037037035 43.528040242370345
0.3708708708708709 55.322049957082996
0.3713713713713714 57.62047913386925
0.3718718718718719 58.558970906330146
0.37237237237237236 57.85584573666907
0.37287287287287285 56.62016712645345
0.3733733733733734 41.778597613711895
0.3738738738738739 20.849529043310028
0.3743743743743744 57.26649985125876
0.37487487487487486 37.81931497035702
0.37537537537537535 22.99987295617592
0.3758758758758759 21.485261795406398
0.3763763763763764 38.32000967944786
0.3768768768768769 25.13475016876019
0.37737737737737737 8.421823747565872
0.37787787787787785 0.7259884459441821
0.3783783783783784 1.5982781672999913
0.3788788788788789 21.028669096915003
0.3793793793793794 5.798549201064109
0.37987987987987987 18.400089643527252
0.38038038038038036 -15.378250421425573
0.3808808808808809 4.608840086679393
0.3813813813813814 10.793474348848612
0.3818818818818819 14.646220883217161
0.38238238238238237 -7.321783221827616
0.38288288288288286 -13.638202693604264
0.3833833833833834 2.982898048668069
0.3838838838838839 -2.882543584212385
0.3843843843843844 2.8232481581390374
0.38488488488488487 -10.100525855444083
0.38538538538538536 6.319639683571104
0.3858858858858859 -28.078803281034403
0.3863863863863864 -0.5654614785204473
0.3868868868868869 -32.85468054385577
0.38738738738738737 8.48759828981558
0.38788788788788786 -10.273767037040543
0.3883883883883884 5.4785469765162915
0.3888888888888889 -22.542536302302636
0.3893893893893894 -29.809907733669835
0.3898898898898899 -1.8843961708107955
0.39039039039039036 13.731979798328844
0.3908908908908909 -0.4312140240561675
0.3913913913913914 -9.108888599431992
0.3918918918918919 3.0159810652957546
0.3923923923923924 -6.392293326879276
0.39289289289289286 1.0526498671938356
0.3933933933933934 14.834271339680548
0.3938938938938939 8.916756785869303
0.3943943943943944 30.37097840326114
0.3948948948948949 -2.8287133445812103
0.39539539539539537 23.925618162625284
0.3958958958958959 33.11706656072729
0.3963963963963964 47.31647637332988
0.3968968968968969 22.98879993646967
0.3973973973973974 11.368272456433278
0.39789789789789787 48.07554456689876
0.3983983983983984 40.14087383042917
0.3988988988988989 55.62091116582519
0.3993993993993994 30.91337646691435
0.3998998998998999 72.84971512711253
0.40040040040040037 72.93652776283928
0.4009009009009009 59.999248664124146
0.4014014014014014 49.213209640823266
0.4019019019019019 68.19826444016665
0.4024024024024024 60.089832835734256
0.4029029029029029 56.79089615227519
0.4034034034034034 95.94887782884098
0.4039039039039039 73.81274933635565
0.4044044044044044 85.18703390753765
0.4049049049049049 67.35993017227918
0.40540540540540543 94.98618961208146
0.4059059059059059 110.17709689782092
0.4064064064064064 110.745958643808
0.4069069069069069 118.32591302433772
0.4074074074074074 88.1844545541971
0.40790790790790793 100.79263572851193
0.4084084084084084 115.0788739451126
0.4089089089089089 124.96714529961952
0.4094094094094094 113.96073134364332
0.4099099099099099 124.65408636502376
0.41041041041041043 111.94321388352026
0.4109109109109109 128.76259416444717
0.4114114114114114 96.4934836101849
0.4119119119119119 112.61284279476811
0.4124124124124124 109.9335235550104
0.41291291291291293 95.13294430218082
0.4134134134134134 137.73275751922625
0.4139139139139139 97.70203519036316
0.4144144144144144 118.3628847937565
0.4149149149149149 130.83637926258862
0.41541541541541543 114.51831627655608
0.4159159159159159 116.35469683878515
0.4164164164164164 127.87742398768418
0.4169169169169169 110.35139108188984
0.4174174174174174 123.64332064657863
0.41791791791791794 106.77807411588971
0.4184184184184184 84.83441624308338
0.4189189189189189 83.07258255523891
0.4194194194194194 80.60222661232848
0.4199199199199199 104.24143207886235
0.42042042042042044 116.14014571999647
0.4209209209209209 110.86892828360966
0.4214214214214214 88.82603338200076
0.4219219219219219 85.74885195608398
0.4224224224224224 68.4597330901427
0.42292292292292294 73.0137178135211
0.42342342342342343 63.65796927573882
0.4239239239239239 95.41124466928227
0.4244244244244244 66.91212068231783
0.4249249249249249 85.26585691113057
0.42542542542542544 46.53531173063584
0.42592592592592593 61.072690052667966
0.4264264264264264 63.4193168111552
0.4269269269269269 74.80025898490732
0.4274274274274274 64.01957230081328
0.42792792792792794 40.782600064482146
0.42842842842842843 39.06585419800507
0.4289289289289289 29.659366128122336
0.4294294294294294 63.57637120514473
0.4299299299299299 46.8602896306163
0.43043043043043044 54.99072542421401
0.43093093093093093 18.449100771721277
0.4314314314314314 17.12243218849334
0.4319319319319319 50.724038230879934
0.43243243243243246 47.67445392618578
0.43293293293293295 33.318352007097566
0.43343343343343343 11.534486078589815
0.4339339339339339 24.41946820733581
0.4344344344344344 11.505441061415503
0.43493493493493496 20.95999634637692
0.43543543543543545 24.467227487861365
0.43593593593593594 27.91791556010368
0.4364364364364364 12.854349192254205
0.4369369369369369 41.610062202727114
0.43743743743743746 22.91245722438277
0.43793793793793795 36.541119001657066
0.43843843843843844 26.50667431258738
0.4389389389389389 11.69867550473635
0.4394394394394394 19.051078631858466
0.43993993993993996 25.176991993249807
0.44044044044044045 44.968857243219404
0.44094094094094094 42.3560284973316
0.44144144144144143 12.687655889175915
0.4419419419419419 27.27107815385677
0.44244244244244246 29.92196190937846
0.44294294294294295 34.973036999531516
0.44344344344344344 61.58463388459117
0.44394394394394393 59.793991333269375
0.4444444444444444 40.75457124725929
0.44494494494494496 59.07707868096232
0.44544544544544545 52.4314660442776
0.44594594594594594 39.329467170451096
0.44644644644644643 74.36496949290094
0.4469469469469469 67.08088694329814
0.44744744744744747 66.77096891281155
0.44794794794794796 49.151436962498
0.44844844844844844 52.33514192875592
0.44894894894894893 70.93670747441872
0.4494494494494494 91.30231372269829
0.44994994994994997 90.58912552733317
0.45045045045045046 78.45347619568886
0.45095095095095095 106.55636328876511
0.45145145145145144 101.64287218465982
0.4519519519519519 76.05648352568458
0.45245245245245247 81.89570639244633
0.45295295295295296 108.2907504939789
0.45345345345345345 113.57907668294708
0.45395395395395394 83.2603180879677
0.4544544544544544 117.73726142323757
0.45495495495495497 94.30701083271765
0.45545545545545546 114.7186080908902
0.45595595595595595 105.60748299318217
0.45645645645645644 99.79325963350252
0.45695695695695693 126.30127832437908
0.4574574574574575 139.26916819748385
0.45795795795795796 104.37703705084874
0.45845845845845845 103.14227753602074
0.45895895895895894 113.15684328817184
0.45945945945945943 115.06870620427289
0.45995995995996 120.68312057684152
0.46046046046046046 112.22322330199245
0.46096096096096095 138.36400494264427
0.46146146146146144 109.20173253617571
0.46196196196196193 119.40047884488445
0.4624624624624625 134.43795175525145
0.46296296296296297 120.8510745824946
0.46346346346346345 122.50353631744437
0.46396396396396394 114.80081130768085
0.46446446446446443 127.24560236344524
0.464964964964965 117.20852834022361
0.46546546546546547 116.5345895561206
0.46596596596596596 107.7101533923499
0.46646646646646645 130.11530385596097
0.466966966966967 126.53003287176502
0.4674674674674675 102.65045499067594
0.46796796796796797 131.87952033257636
0.46846846846846846 112.73600344530247
0.46896896896896895 117.85569022693448
0.4694694694694695 128.32778732060635
0.46996996996997 116.91749351454777
0.47047047047047047 86.24065097866615
0.47097097097097096 90.70492361985752
0.47147147147147145 94.11236134016525
0.471971971971972 76.2977630252593
0.4724724724724725 97.37573922150078
0.47297297297297297 103.55672673300514
0.47347347347347346 100.01209025154385
0.47397397397397395 86.16321227329097
0.4744744744744745 58.52502618392412
0.474974974974975 60.19997165698225
0.4754754754754755 74.32650006302788
0.47597597597597596 43.64576927278905
0.47647647647647645 55.692648601613925
0.476976976976977 55.30339521840212
0.4774774774774775 57.16628268732767
0.477977977977978 48.077437734425715
0.47847847847847846 33.0885929384458
0.47897897897897895 61.60094361700098
0.4794794794794795 45.16577129422839
0.47997997997998 17.378028916155877
0.4804804804804805 18.597850102522308
0.48098098098098097 30.531243841953582
0.48148148148148145 33.791141845117615
0.481981981981982 30.470613513613316
0.4824824824824825 30.423784229859137
0.482982982982983 0.9822593454936026
0.48348348348348347 30.119879002312864
0.48398398398398396 12.452732018122987
0.4844844844844845 18.05484458433437
0.484984984984985 11.045229017520846
0.4854854854854855 30.695005871568696
0.48598598598598597 28.664185224430902
0.48648648648648646 10.756882086006627
0.486986986986987 0.7822914460642352
0.4874874874874875 19.347709079443916
0.487987987987988 -2.4076812173467843
0.48848848848848847 10.71277698400985
0.48898898898898896 -9.934958191129532
0.4894894894894895 31.180903873612124
0.48998998998999 -10.141560157908629
0.4904904904904905 13.117934381288379
0.49099099099099097 20.27596497143486
0.49149149149149146 2.378502514685472
0.491991991991992 32.63563374850604
0.4924924924924925 11.324160357396913
0.492992992992993 7.7121559287041705
0.4934934934934935 16.63636848512681
0.49399399399399396 33.93776978117125
0.4944944944944945 32.39777558476642
0.494994994994995 35.38077236320207
0.4954954954954955 14.461601772005729
0.495995995995996 32.550131333201065
0.4964964964964965 30.312675353132676
0.496996996996997 36.62635544557766
0.4974974974974975 20.854183352080167
0.497997997997998 43.65493388286675
0.4984984984984985 43.240379528394506
0.498998998998999 40.085685028708234
0.4994994994994995 43.95535009597016
0.5 33.16047060628769
