-4.6483 4.4829
1.9278 -7.5364
-0.0153 2.5349
9.56 4.4993
-13.1644 -7.4468
12.2443 -3.8664
3.8461 5.4603
2.5527 1.4019
-9.5733 6.0964
-3.1315 0.3449
1.005 -6.9221
-8.4222 -7.2466
4.8094 1.6604
-2.5473 -6.9756
-7.7305 -4.396
8.3119 2.4861
9.0802 2.1034
6.5042 -1.2985
1.6997 -7.5128
1.0392 0.7218
8.659 0.0359
-3.1108 6.3584
-5.9323 -6.9068
-3.5573 -0.7054
9.5069 -11.977
-1.6054 6.4651
-13.4286 -2.7529
14.4275 -8.8617
-0.7109 -7.1094
-2.6877 -1.5058
-6.0826 -2.2625
5.2721 -2.7801
3.3862 -4.7192
-0.5765 8.5331
-0.723 8.0433
-0.6734 -7.9926
-4.6405 -7.311
6.6539 2.0576
1.7408 8.4202
6.7393 4.4631
-4.2316 2.5391
1.3225 6.2848
7.3212 9.1614
-3.7993 9.4285
5.1978 -0.2301
-3.5808 7.78
-7.5674 5.8593
1.5574 -14.2303
0.7009 -0.661
2.162 -3.6493
-0.6354 -6.6161
-2.0422 8.8705
1.1635 3.874
1.6106 -3.7241
-4.2252 1.7227
-5.756 8.9236
9.0666 2.8026
-5.6107 -1.6651
-3.4834 -10.9655
6.3759 -7.7405
3.0399 -2.7748
0.2306 3.1243
8.0929 -2.0981
6.8649 1.7963
-0.007 -1.8142
-3.4525 2.6556
7.9535 -4.4038
-8.0218 0.0656
-0.4339 4.8257
3.0367 -8.3069
7.3489 0.5614
8.5347 -3.0715
2.9113 2.8197
-0.01 0.4494
-1.0359 -5.1609
-5.4477 2.6309
-2.679 -2.5546
8.1382 -0.0144
-9.9618 -7.4281
-5.4714 -1.3651
8.3053 3.2348
0.6739 2.875
2.8746 7.2585
5.2516 4.0911
-9.691 -1.6299
1.7896 9.857
1.2953 6.0885
0.723 -6.3682
-7.5904 7.039
3.0002 -2.0457
5.4148 0.5582
-7.8058 -2.9822
3.2524 -8.1301
-9.4375 -9.8819
5.0099 -6.9262
6.2165 2.4706
6.0089 -7.2971
1.1925 1.1235
-0.9276 5.3492
0.1646 0.5894
-1.6432 -2.3688
-4.5384 5.6238
1.0804 -2.5837
-2.4791 -3.6509
-6.8434 -7.2755
-5.9606 8.3776
1.2072 0.2617
-3.8883 3.6755
-3.6576 -12.7537
-2.2168 2.8623
-11.2065 -10.6648
8.4574 0.2168
-2.8422 9.316
-0.7287 -1.8478
-1.6617 5.3883
7.0213 4.6092
-1.0113 2.2617
9.1444 13.2151
-5.8752 -0.1929
-3.1046 -4.5738
-4.0584 5.0883
5.1114 -2.3356
6.429 10.5485
7.6857 -6.4596
-1.8135 2.6004
1.0714 -0.7609
20.3153 2.6077
-0.3606 0.4781
8.7616 0.6835
3.582 -12.778
6.2313 7.9167
1.4775 -11.3002
-7.1498 -7.779
-3.6197 -7.8575
-3.9303 -4.0956
-2.8941 -1.5363
-1.4362 4.0923
-7.5396 -4.1596
2.8376 2.2416
-1.251 -2.763
4.6064 0.8013
-7.7128 -6.0524
-3.0999 -1.9246
-2.4563 1.7749
-4.4772 -3.7154
4.0005 -0.8238
8.9689 1.6096
-5.5173 3.2307
-6.0703 0.2262
-2.6507 -3.0381
-6.0641 -10.8922
3.2504 -0.6912
-9.0945 -6.754
12.01 -4.9257
1.2924 1.4449
-1.6135 8.9028
-10.2626 5.7355
-0.6603 6.3411
10.2356 -6.3388
-8.2664 -11.1461
-2.9197 0.0998
3.1784 3.462
8.6888 5.6798
1.0738 5.6137
5.0913 1.2241
1.1189 -1.2281
-0.6628 4.0873
6.4888 3.365
5.8593 3.7026
12.2294 -15.7047
7.3674 11.945
-18.7824 -3.1946
-1.901 -4.5733
-12.4296 0.4539
-5.3754 -5.6086
-7.4795 -8.8088
-3.2651 8.1515
4.6347 -5.0618
-2.0862 -0.0481
-2.1038 0.4948
-1.6472 0.5117
2.6709 13.4872
1.4978 4.2823
6.0798 -4.1281
3.3931 -6.3281
0.0218 6.0608
-6.3531 7.0182
-3.8761 0.1122
6.187 5.8205
6.1945 0.4242
7.4417 -2.898
-12.753 0.2997
1.7419 -10.6296
-9.6302 -0.0336
0.6794 -1.6879
0.3223 1.055
10.4476 -1.1764
-5.2438 1.631
5.838 10.3045
-3.1525 6.1872
-0.6307 2.0391
0.6827 -4.1573
-7.6482 -2.9089
-6.1441 -15.8077
2.0406 3.1557
-2.7522 -8.4086
-0.7162 0.0362
-1.0968 -1.4574
-2.9417 4.2637
-1.0806 3.2979
8.0998 6.9299
-3.6154 -2.4572
0.6239 -0.5541
2.8975 0.9788
0.0507 -9.3568
1.6826 0.4135
-8.6302 8.7326
4.6114 6.9984
-5.5389 5.3076
1.1398 0.5666
5.9843 -2.1582
-2.1046 -10.8923
5.4075 1.4203
3.488 -7.0437
-3.8483 5.7378
3.9601 -1.754
8.9361 -2.5211
1.6442 0.9525
-10.912 4.0029
1.0156 -9.0883
7.7153 3.948
5.9119 -5.5702
7.1937 1.3232
0.912 -5.4304
3.1055 2.6945
9.1358 8.3271
7.0315 -5.4147
7.1963 -1.1665
0.8929 -5.5016
-0.8667 2.3656
3.1878 -5.3795
2.6072 4.113
-5.4433 2.291
5.6634 5.5042
1.2023 2.7902
-3.2097 -11.6174
4.3446 -1.4932
-7.9051 9.8926
4.1104 -1.6992
-11.7598 -7.8538
7.5654 -9.6684
12.0352 4.9129
-0.325 4.5837
-0.8615 -3.0348
3.3891 -2.0335
1.7206 13.3218
4.9232 -0.1031
-0.6599 3.1374
-2.0487 -7.9052
1.9445 -7.3103
-6.1747 -3.3679
-10.1076 2.6502
-5.2449 -2.9529
-3.8548 6.1332
8.3834 6.8837
-5.7841 2.6441
4.7222 -6.3132
-0.9541 2.4857
-8.9183 5.6881
-4.1089 -6.1541
-8.4706 -8.4838
2.0505 0.3798
2.3699 2.478
8.8379 -5.0667
-1.799 6.6775
-2.0389 1.1733
6.3907 3.9896
6.1298 1.1484
4.5125 -4.1951
-0.3635 -0.0646
1.8606 7.9463
3.7962 3.8072
1.8897 -0.3826
-0.3104 -6.415
1.2459 -1.2079
7.2937 -0.379
-15.6449 -5.1488
-2.6871 -2.5876
2.0769 5.9756
0.7482 0.931
-12.6495 8.3878
-9.6336 2.5913
1.794 -4.8982
-6.8176 4.1115
7.3936 0.0345
0.252 -12.7742
-4.6529 1.0449
12.9603 0.453
-2.8635 2.4093
-3.9099 2.1285
-1.4634 -7.3511
-5.9088 3.3408
4.9976 3.9972
-2.4367 -7.8703
0.2695 -3.8049
-12.4076 9.7223
3.1863 2.763
-1.591 -0.4756
11.7693 -4.6743
10.9535 -3.2825
-8.4722 0.9546
-9.3621 -4.6518
6.7628 -3.7083
4.3933 -5.0623
-0.5812 8.642
-10.6158 -10.9914
-0.8554 7.5681
1.0251 -3.8748
6.6033 -6.4194
-3.9657 2.189
7.1515 -0.2481
1.7403 -4.4246
7.8518 -2.5342
10.7075 7.3716
-6.3691 -2.2566
-14.0664 -0.5842
-5.9774 -3.5144
-4.2483 -5.2971
8.9285 -2.4416
6.7806 1.6692
2.4811 4.498
-2.3491 1.5986
-2.222 4.0217
3.1948 9.351
5.0159 2.4733
5.4216 -3.7894
-7.5658 -5.7937
2.4533 5.1296
0.8445 -2.3192
-5.2518 -0.5272
-0.5716 9.7306
-4.4151 9.967
4.4895 1.8664
10.6157 -0.5138
6.1199 0.3419
-6.1419 6.4078
-7.8475 4.2171
2.2632 -5.6004
-5.003 -6.6487
-6.2334 11.1057
6.8112 2.3332
11.2164 -0.5016
-5.2614 -3.1054
-7.0447 -7.0206
-0.9472 1.2798
1.4936 -11.2732
11.4982 -1.2819
2.076 -5.3263
0.768 -5.7944
-2.6669 -0.036
6.1337 -4.0819
-1.8736 0.8931
0.8912 3.4672
-1.1315 3.2143
-11.6498 4.1918
3.1338 4.2077
6.7935 8.8502
-7.735 -3.6312
-1.3477 -8.3364
0.9536 -0.9806
4.1214 -9.161
-2.8726 -5.149
-5.1832 -1.0138
5.3109 13.2483
-2.0964 9.6174
0.2759 5.3277
-0.0434 2.3403
0.3211 7.419
5.3007 2.3138
2.7274 -1.0584
5.1373 -0.3701
-1.5327 -1.3865
5.4294 -12.0727
2.7405 -12.5959
6.6905 0.7128
1.327 0.4726
-1.965 -10.4796
-10.0856 -3.5936
-0.3824 -0.4903
-1.9935 0.7623
11.189 0.1126
-3.201 -2.4282
-5.7191 2.9481
3.2878 -0.4743
3.3402 8.0901
-5.1497 -0.5262
-8.3261 -3.7547
4.0545 0.7726
2.0732 6.9774
-4.5085 -1.0153
3.8837 -1.7729
3.6418 6.4665
1.2045 0.5062
6.7301 -10.5058
3.015 -5.1477
-2.8914 -2.3818
6.0277 -6.7462
4.424 4.8769
2.8167 -4.2761
9.4981 -1.9551
6.2039 1.3804
5.936 1.7475
-1.2495 1.1188
6.0016 5.0094
-7.0243 2.413
-0.039 0.7571
0.1479 5.7758
-2.443 8.3602
-0.7155 -12.2495
-2.0341 -6.9716
-1.8872 7.9704
0.0936 3.6964
3.9115 -5.6262
0.46 -9.4923
-2.1697 21.0973
-6.0622 0.7017
-5.57 -13.3912
-10.2489 -1.5296
-7.4782 0.7836
-0.5444 3.4461
-8.7997 -8.7142
-6.1692 7.0112
-6.0559 3.0843
-0.9625 1.9518
-3.2838 -8.5542
-2.0322 -2.1804
-2.6861 7.9066
-6.7685 -3.3308
2.2474 -3.8815
7.1571 -4.3724
-12.6412 6.3897
5.5905 1.5777
6.6902 -0.8084
-5.9873 -7.2031
-1.3795 2.3186
6.3643 4.4542
-2.1917 1.0815
-0.9088 -4.2054
-5.6127 2.0987
-3.9278 -1.0102
-3.4925 -2.1208
1.5548 -7.24
4.7612 -7.2936
6.8914 5.1081
-7.0155 3.4744
-3.4124 -1.7017
5.3533 0.067
8.0687 -2.6293
1.2695 -7.08
16.4191 3.7839
-6.3087 2.5817
-0.7045 6.4127
2.2283 2.35
5.8259 -5.5651
-2.0332 2.4152
10.4939 -7.1407
2.1051 -3.7083
-2.3873 5.0746
-1.5455 -12.2335
7.2106 -3.4172
8.549 -3.5023
-2.0501 -0.8548
2.6574 0.6515
4.6996 -5.8198
8.3525 1.144
-6.2312 -2.0058
4.0151 -6.9602
-8.7595 -4.4166
-3.3277 4.892
6.0157 6.775
-2.2016 -7.3594
3.8181 -9.4233
3.3442 0.2272
-1.0429 4.9825
-3.6303 3.8425
-4.9882 6.0413
0.9858 2.5801
-7.7723 7.5257
-2.589 2.4555
-4.164 -4.1309
5.7125 -0.7606
-6.9145 -7.9756
-3.4414 4.5446
4.8695 -4.9274
-3.1194 1.301
-6.4069 -0.8754
-2.8732 12.4896
10.6501 5.5045
-5.0503 -5.0821
6.4036 -7.9824
-5.8274 -5.8788
-0.8205 -10.068
7.7456 -2.3676
-6.3071 -0.6171
8.3816 3.6755
-6.066 4.9042
2.9735 11.1964
8.1804 3.5599
0.0417 5.6466
-3.9902 6.1893
4.1778 -4.1924
0.0463 -8.9356
9.6006 2.2833
-0.1957 4.2185
-2.8126 2.316
5.1143 0.1351
-0.648 1.3445
4.4014 4.824
4.9702 7.4915
-4.249 -0.7745
4.1034 2.0434
-4.9946 -1.9792
-4.2012 5.3765
-1.267 9.7151
3.1551 -8.8122
-9.4357 -7.126
-8.4697 1.8225
3.4461 12.8506
3.009 0.3955
-1.3591 6.2993
0.5837 -0.4462
-5.1559 5.5626
-16.4551 -6.3584
-4.431 1.0126
-3.8041 -4.612
5.9697 3.7798
-5.0873 -7.9345
4.8732 -0.1354
4.1929 8.9186
4.7731 -8.2039
4.5745 -0.2861
-8.2115 1.5801
-3.1378 -2.51
-4.9246 6.8338
6.562 11.9005
4.7801 0.5836
-0.1983 -1.56
6.9178 1.4436
3.2832 -3.8587
-1.224 -1.6444
-12.9023 1.7839
-0.9527 3.349
16.0533 4.072
0.673 3.2452
-2.7976 -9.002
18.0633 -2.9655
-3.6232 3.1305
11.2032 5.059
4.0647 -6.3254
8.2185 -12.3424
2.8255 0.7461
-4.2536 9.1585
8.2791 -1.5302
-6.3088 -9.5625
-10.2933 -4.0459
9.6197 0.8438
-0.6396 9.6375
17.0791 5.2285
-1.6962 3.195
11.383 3.6696
1.4649 1.8431
6.2424 -4.6096
-1.8042 4.9085
3.6892 5.8892
9.417 -8.1842
-3.9726 -1.8494
3.4413 -5.7648
1.3022 6.7769
-4.7928 -0.174
-3.7327 7.6089
7.1302 9.5816
4.8299 6.2939
0.1021 -6.7226
1.8912 3.3128
5.4732 -2.0316
-3.3697 4.6894
-2.812 4.059
-8.928 5.9501
-3.9656 -1.9933
-6.3341 3.8487
-0.0373 -3.4318
-0.0768 4.1136
-7.4344 -3.606
-8.2151 -6.5633
12.712 2.5367
0.4952 -6.2228
7.3378 5.6825
-0.7735 1.3526
0.0882 -4.3567
-5.9344 1.9978
1.3156 -2.8952
-3.9494 -0.935
2.1466 4.3792
-1.1462 -4.5308
2.5238 3.1465
1.3088 -1.8436
8.1067 -3.6504
-5.105 -3.251
-2.9634 2.8264
-4.3985 -4.5577
4.9315 -0.6426
-3.2345 5.5237
1.6058 -3.341
7.9087 -0.1803
0.8263 1.4016
9.5847 10.1815
-2.4789 0.4482
4.9302 -6.3099
-0.3212 -6.6908
-6.3243 8.0041
-1.8104 6.6371
-1.0165 -1.8834
-5.5713 7.1772
1.8843 2.0423
-0.6096 -2.3151
4.2871 6.6787
-1.5822 -7.3354
5.6264 -2.5108
-0.627 -1.1057
-5.36 0.6222
7.0054 -0.503
4.1325 6.7579
2.1941 -6.6554
4.0462 6.9628
-0.476 -5.6191
1.5592 8.165
-0.8287 -2.0989
-1.6572 5.752
3.4116 -1.9074
-4.254 7.9513
1.8926 -0.6306
2.5052 -10.5379
8.2062 0.0012
7.1091 -8.5566
-0.2472 4.2114
6.2078 -6.8329
-0.4049 1.5434
-1.7291 10.156
7.5484 -14.2028
8.2492 -3.3393
7.2108 9.3196
-3.7136 -9.2896
-1.8677 -2.5842
0.5746 0.8406
4.4912 -1.5496
-4.5756 -2.4912
4.3918 5.7251
-7.991 6.5199
3.6887 -2.0736
1.7509 12.1499
-0.0161 5.4657
-1.9429 2.7818
10.8003 4.7071
-4.0218 -1.6409
-1.5586 4.8683
3.1462 6.4117
0.1133 1.5828
-5.4244 -1.5679
2.6005 3.61
11.0607 3.1027
3.571 -9.2628
-13.2473 -4.6469
11.4681 -11.4248
-3.3097 7.0446
-3.9604 -9.0404
5.923 2.5375
-0.6837 6.5371
0.7645 2.796
-11.6867 2.4422
3.517 -7.3648
5.6893 -3.1362
5.6903 -1.4913
3.04 -6.4535
2.1011 9.5025
0.8695 -2.8707
12.0901 -1.1611
6.4314 5.3678
-3.7168 10.4766
5.9985 -2.689
0.2593 -9.3145
3.3602 -5.7449
-2.0198 -6.8215
4.8904 -12.2562
0.9348 5.7011
-2.9835 -4.602
-7.3203 -2.6609
-1.5095 -2.6046
-2.3628 -1.2695
0.3741 3.3667
-3.5227 2.2035
-9.8019 7.7947
-6.5227 -2.1519
8.0179 5.1297
0.7271 -1.4078
-5.6117 2.0053
2.4207 -6.8666
-6.8897 2.724
-16.5119 2.8089
7.1944 1.0073
-1.0373 13.24
-6.1198 -3.7982
4.1482 -4.3183
3.045 -0.6899
-1.4734 2.7654
0.9234 -3.895
1.8081 4.5487
-19.4708 -6.1379
-5.4197 0.2192
-5.6652 -6.7037
-2.1928 4.6033
-1.7324 -5.1377
2.2945 -3.7673
3.7157 -1.2426
1.2486 5.1055
3.3768 3.4298
-5.8803 3.6762
1.4662 3.9458
-6.5388 0.8751
-6.6924 8.167
5.7038 6.4458
3.1311 -1.4989
-8.6263 -9.5221
-4.0065 2.6708
-1.1331 -9.5496
-9.178 -1.7774
-2.2002 1.4048
10.0208 5.3441
-2.219 5.5696
0.1027 -2.1137
-5.0258 4.375
5.7539 7.0959
-1.9321 10.0445
-4.1428 1.9708
-3.3197 8.1414
-7.0977 -12.3496
-3.0888 -7.7868
2.3392 -2.6526
2.6146 3.4388
-7.9002 -2.1448
8.9146 -2.5596
-11.1852 -2.65
1.6787 3.7862
-0.1893 5.2107
2.7003 9.6223
-0.0497 2.6473
5.8194 -2.8471
1.7622 -1.2662
4.8931 -3.6198
-5.0311 -2.514
1.6207 -0.9133
-5.4095 -7.4322
-11.2185 5.885
10.3502 3.0043
9.114 8.0803
-0.8459 -7.188
1.1879 -2.1096
-4.9305 -2.5799
-5.5266 -4.6781
14.4565 1.6329
-9.3383 -0.1803
0.6125 0.9774
-4.1806 13.3822
2.2818 3.2442
13.8514 -8.7266
4.0566 -2.9984
-2.445 -4.3127
4.0742 2.0623
-3.054 7.7492
-1.5251 4.4161
-1.0725 -2.0598
3.225 -12.9132
3.554 2.0674
-4.2621 9.8976
-8.7026 2.9393
-0.0838 -3.1932
-0.8413 7.1148
8.5525 7.2032
4.0402 -10.5161
8.7408 -6.181
2.0807 4.1327
-3.8869 -3.8717
2.1892 7.7854
3.7131 -4.0475
4.0631 7.2875
-7.1748 4.2152
-2.6837 -6.2886
-6.423 -3.0405
6.0589 14.8057
8.281 -0.2829
-4.0647 4.4922
-5.2692 2.2809
1.6157 4.5038
5.7185 -10.4048
2.6176 2.1898
-3.0085 11.7959
4.6541 2.6791
10.7681 -1.2466
4.1503 -17.2037
2.4509 3.0782
-7.7776 4.2566
-4.1828 1.0284
-11.9546 -5.7666
-0.3864 -9.3633
2.7693 0.7565
-4.3951 -5.034
9.4971 3.2125
-14.2895 -13.1855
0.3891 -5.0342
2.4895 3.6972
-0.0657 -3.8031
6.0172 -8.5128
-1.6809 1.4307
-2.5045 1.1788
-7.8364 8.3466
0.5483 -9.3071
1.4968 1.5419
1.6806 4.7838
-5.3907 7.2649
8.6817 5.1117
1.1993 -11.5062
-2.1702 -2.9823
-2.4136 -5.9199
12.0477 5.4611
0.1609 4.3704
-4.7598 0.8198
1.0548 -3.7135
2.496 -1.7305
-7.5231 -0.68
4.426 -6.1534
4.1809 -6.3689
-5.7148 -5.9966
7.8351 7.6732
3.0372 6.147
-8.0125 1.0198
1.7648 0.9585
3.7742 0.1067
-1.0349 8.9449
-5.4 -0.4588
4.069 -1.1635
-2.8802 -0.3366
3.7945 6.7395
1.8521 -2.4862
-6.8272 4.158
-7.5496 2.6449
-11.8027 16.3906
6.1245 0.0511
-3.5354 -9.1555
1.0092 5.7471
5.1572 -8.6003
-6.9031 0.9888
3.3188 -7.4912
2.2709 4.5375
-5.3327 -3.35
-1.1868 -6.1313
-2.0096 -8.7108
-1.9334 6.7411
6.9908 -6.2338
-8.6744 -2.6564
0.6653 1.0297
5.3013 2.5714
-5.8143 2.211
-11.1865 4.7574
7.7028 10.0601
3.5022 3.6364
6.5146 -4.4883
0.6214 -3.8208
-15.0695 -0.2709
-0.9838 4.1796
0.6913 11.0105
8.119 7.8186
-4.984 -5.9448
1.977 6.3758
-1.468 -6.4047
7.3078 1.3088
-2.8136 2.2426
0.6066 5.7955
1.9814 -4.6472
-9.4946 -1.9402
-7.2457 1.3742
14.5399 -2.4042
4.6116 -0.5007
-6.8183 -11.2035
3.7957 -0.7677
-3.9109 -0.4703
-5.6188 2.3457
12.1992 7.1194
-9.9503 -5.6828
-6.8434 8.2379
-0.8229 10.8923
1.1573 -4.1834
-5.5156 -0.1453
-7.3649 3.2507
-8.2673 -2.3613
3.3118 5.8849
-6.6534 3.6468
4.0424 -1.3153
5.6653 -9.1075
5.7847 0.8215
-9.7247 -1.0166
5.409 -1.2801
-5.0206 3.174
2.8295 14.4114
0.1484 9.6571
-6.6675 -6.0378
-1.9689 10.179
3.2601 6.8031
-5.7426 -12.4267
-3.5056 -5.0948
-5.9814 1.6246
-6.6078 2.4585
0.4275 4.6951
-2.3752 4.584
0.0699 10.1352
2.3295 -2.1815
-8.5953 -2.0359
1.2329 5.9317
11.653 -4.8119
7.5647 1.4602
4.3356 4.6714
-0.8466 5.8634
-2.7362 2.6397
3.304 -1.0618
9.0448 12.639
1.388 4.0211
-2.8317 -2.8349
9.4048 5.8907
9.7143 -7.6067
-6.1083 -6.1949
-1.3188 -1.3115
-1.9255 -6.3477
4.0325 5.384
-13.9207 -4.8111
0.239 4.2972
-1.0487 2.0056
-0.4569 -2.8558
-5.3448 -0.7139
-6.1936 -0.6961
-1.036 -10.2503
0.7337 0.6766
2.1606 -4.6727
-4.0918 1.8838
-7.023 -11.6216
4.4642 -1.7839
-0.9605 2.9783
-0.5595 1.0141
-3.9481 -1.9954
-1.8502 9.0345
6.0203 4.0294
-5.0113 -6.9023
3.6278 -2.7309
7.0452 -1.3493
-3.4667 -1.242
7.9492 1.7719
0.6025 0.7938
-4.278 6.1916
2.7614 2.6015
5.483 -7.4559
-1.1718 7.234
5.08 0.5047
-5.7812 -2.8691
-5.7696 -0.0214
-1.7599 0.2907
6.3377 -4.9764
-2.8176 -3.3671
-7.1002 -3.4152
11.2747 -9.7887
-7.9675 -5.1653
-1.5407 -1.4988
0.6276 -2.0845
6.3047 3.9114
12.2701 1.8279
-0.2775 11.0124
7.9801 -6.0913
11.577 9.6287
-10.0202 2.9821
3.1354 9.2013
-1.289 -0.3458
-2.0946 -0.3047
1.3879 0.2765
10.0238 5.2831
7.465 7.3878
-8.2641 8.048
6.4182 -4.2827
-6.0325 -3.5882
-0.9269 6.2388
1.1395 2.2263
-2.6589 -6.5979
6.8884 5.4265
-4.777 -0.2085
2.439 -6.6102
