-1 1.92875e-22 -1.60906e-06
-0.995 3.1369e-22 -1.14897e-06
-0.99 4.9614e-22 -7.91994e-07
-0.985 7.61573e-22 -5.22679e-07
-0.98 1.13015e-21 -3.25379e-07
-0.975 1.61036e-21 -1.85426e-07
-0.97 2.17686e-21 -8.98271e-08
-0.965 2.7274e-21 -2.75213e-08
-0.96 3.0039e-21 1.05328e-08
-0.955 2.45439e-21 3.15442e-08
-0.95 -1.74763e-25 4.10234e-08
-0.945 -6.34689e-21 4.3123e-08
-0.94 -2.00844e-20 4.07997e-08
-0.935 -4.71517e-20 3.61612e-08
-0.93 -9.73099e-20 3.05464e-08
-0.925 -1.86134e-19 2.48946e-08
-0.92 -3.37767e-19 1.96101e-08
-0.915 -5.88534e-19 1.50739e-08
-0.91 -9.91388e-19 1.12298e-08
-0.905 -1.62077e-18 8.18621e-09
-0.9 -2.57677e-18 5.80776e-09
-0.895 -3.98643e-18 3.96627e-09
-0.89 -5.99755e-18 2.69514e-09
-0.885 -8.75721e-18 1.66625e-09
-0.88 -1.23616e-17 1.0842e-09
-0.875 -1.67551e-17 5.3738e-10
-0.87 -2.15447e-17 3.78324e-10
-0.865 -2.5677e-17 -5.44593e-13
-0.86 -2.69009e-17 1.69335e-10
-0.855 -2.09081e-17 -2.26136e-10
-0.85 8.97168e-22 9.59003e-11
-0.845 4.89202e-17 -1.82503e-10
-0.84 1.47258e-16 -6.43143e-11
-0.835 3.28853e-16 5.74577e-11
-0.83 6.4558e-16 -3.15362e-10
-0.825 1.17464e-15 3.71826e-10
-0.82 2.02759e-15 -5.49622e-10
-0.815 3.36062e-15 4.62693e-10
-0.81 5.38489e-15 -1.91245e-10
-0.805 8.37407e-15 -5.18273e-10
-0.8 1.26642e-14 1.48332e-09
-0.795 1.86368e-14 -2.49137e-09
-0.79 2.66714e-14 3.0495e-09
-0.785 3.70445e-14 -2.82873e-09
-0.78 4.97415e-14 1.74238e-09
-0.775 6.41324e-14 -1.10848e-10
-0.77 7.84434e-14 -1.54738e-09
-0.765 8.8929e-14 2.70154e-09
-0.76 8.86239e-14 -2.90428e-09
-0.755 6.55212e-14 1.65225e-09
-0.75 -3.45518e-18 1.70338e-09
-0.745 -1.38717e-13 -7.66994e-09
-0.74 -3.97196e-13 1.58795e-08
-0.735 -8.43749e-13 -2.43695e-08
-0.73 -1.57559e-12 2.96365e-08
-0.725 -2.727e-12 -2.79017e-08
-0.72 -4.4776e-12 1.72395e-08
-0.715 -7.05946e-12 5.3109e-10
-0.71 -1.076e-11 -1.94329e-08
-0.705 -1.59169e-11 3.10905e-08
-0.7 -2.28973e-11 -2.84115e-08
-0.695 -3.20528e-11 9.98468e-09
-0.69 -4.36341e-11 1.68021e-08
-0.685 -5.76486e-11 -3.63657e-08
-0.68 -7.36322e-11 3.12086e-08
-0.675 -9.0305e-11 6.63737e-09
-0.67 -1.0507e-10 -6.43654e-08
-0.665 -1.13305e-10 1.07491e-07
-0.66 -1.0741e-10 -9.80568e-08
-0.655 -7.55371e-11 2.76296e-08
-0.65 3.36895e-15 5.94455e-08
-0.645 1.44704e-10 -8.47866e-08
-0.64 3.94129e-10 2.59357e-09
-0.635 7.96402e-10 1.33521e-07
-0.63 1.41464e-09 -1.81604e-07
-0.625 2.32902e-09 2.97618e-08
-0.62 3.63763e-09 2.62723e-07
-0.615 5.45544e-09 -4.55508e-07
-0.61 7.90966e-09 3.15812e-07
-0.605 1.11298e-08 1.31725e-07
-0.6 1.523e-08 -5.48367e-07
-0.595 2.02798e-08 5.32296e-07
-0.59 2.62609e-08 9.51202e-09
-0.585 3.30034e-08 -7.09628e-07
-0.58 4.0098e-08 9.75784e-07
-0.575 4.67792e-08 -4.48969e-07
-0.57 5.17729e-08 -6.55298e-07
-0.565 5.31081e-08 1.5845e-06
-0.56 4.78894e-08 -1.52571e-06
-0.555 3.20367e-08 3.06022e-07
-0.55 -6.74734e-13 1.23837e-06
-0.545 -5.55294e-08 -1.81826e-06
-0.54 -1.43871e-07 9.85637e-07
-0.535 -2.76538e-07 1.79768e-07
-0.53 -4.67258e-07 -2.14129e-07
-0.525 -7.31757e-07 -6.91128e-07
-0.52 -1.08717e-06 5.40281e-07
-0.515 -1.55094e-06 1.71009e-06
-0.51 -2.13898e-06 -3.78795e-06
-0.505 -2.86301e-06 2.23162e-06
-0.5 -3.72665e-06 2.58951e-06
-0.495 -4.7203e-06 -5.5232e-06
-0.49 -5.81434e-06 2.63723e-06
-0.485 -6.95079e-06 3.10447e-06
-0.48 -8.03312e-06 -5.15941e-06
-0.475 -8.91454e-06 2.08249e-06
-0.47 -9.38501e-06 1.1832e-06
-0.465 -9.15753e-06 -1.81822e-06
-0.46 -7.85496e-06 3.33901e-06
-0.455 -4.99841e-06 -6.82617e-06
-0.45 1.13195e-10 4.08032e-06
-0.445 7.83939e-06 1.01523e-05
-0.44 1.93204e-05 -2.18699e-05
-0.435 3.53249e-05 9.71306e-06
-0.43 5.67763e-05 2.13669e-05
-0.425 8.45792e-05 -3.57599e-05
-0.42 0.000119531 1.15257e-05
-0.415 0.000162204 2.53982e-05
-0.41 0.000212795 -3.38914e-05
-0.405 0.000270933 1.32343e-05
-0.4 0.000335462 5.26508e-06
-0.395 0.000404184 -1.42025e-05
-0.39 0.000473584 3.12736e-05
-0.385 0.000538537 -4.05951e-05
-0.38 0.00059204 -3.04989e-06
-0.375 0.000624958 7.906e-05
-0.37 0.000625852 -8.11365e-05
-0.365 0.000580899 -3.4905e-05
-0.36 0.00047397 0.000138983
-0.355 0.0002869 -7.30311e-05
-0.35 -2.72067e-09 -0.000106842
-0.345 -0.000407137 0.000165616
-0.34 -0.000954469 -5.84954e-06
-0.335 -0.00166001 -0.000173195
-0.33 -0.00253796 0.000128879
-0.325 -0.00359641 8.96908e-05
-0.32 -0.00483471 -0.000193371
-0.315 -0.00624077 3.82312e-05
-0.31 -0.00778792 0.000170565
-0.305 -0.00943209 -0.000145649
-0.3 -0.011109 -8.36851e-05
-0.295 -0.012732 0.000193403
-0.29 -0.0141905 -2.00247e-05
-0.285 -0.0153498 -0.000181133
-0.28 -0.0160518 0.000100038
-0.275 -0.0161179 0.000138178
-0.27 -0.0153538 -0.000142234
-0.265 -0.0135559 -0.000108661
-0.26 -0.0105212 0.000182589
-0.255 -0.00605799 0.000100099
-0.25 6.89626e-08 -0.000282511
-0.245 0.00777874 -3.59936e-05
-0.24 0.0173467 0.000429423
-0.235 0.028698 -0.000176855
-0.23 0.0417359 -0.000498021
-0.225 0.0562571 0.000524588
-0.22 0.0719391 0.000344046
-0.215 0.0883319 -0.000850022
-0.21 0.104854 5.67151e-05
-0.205 0.120798 0.000954787
-0.2 0.135335 -0.000564674
-0.195 0.147543 -0.000744853
-0.19 0.156424 0.000967025
-0.185 0.160951 0.000290898
-0.18 0.160103 -0.00111361
-0.175 0.152922 0.000226051
-0.17 0.138568 0.00099901
-0.165 0.116376 -0.000632231
-0.16 0.0859181 -0.000740788
-0.155 0.0470583 0.000851639
-0.15 3.87144e-09 0.000482542
-0.145 -0.0546738 -0.000902592
-0.14 -0.115977 -0.000323696
-0.135 -0.182514 0.000851785
-0.13 -0.252488 0.000298359
-0.125 -0.323737 -0.000776291
-0.12 -0.393791 -0.000371429
-0.115 -0.459943 0.000719429
-0.11 -0.519348 0.000473976
-0.105 -0.569135 -0.000678693
-0.1 -0.606531 -0.000545259
-0.095 -0.628991 0.000623917
-0.09 -0.634333 0.000555821
-0.085 -0.620858 -0.000522168
-0.08 -0.587467 -0.000520405
-0.075 -0.533753 0.000379805
-0.07 -0.460062 0.00046728
-0.065 -0.367537 -0.000249689
-0.06 -0.258112 -0.000400819
-0.055 -0.134476 0.000196558
-0.05 -3.85752e-08 0.000298676
-0.045 0.141371 -0.000244463
-0.04 0.285258 -0.000157677
-0.035 0.427018 0.000376681
-0.03 0.561921 2.43372e-05
-0.025 0.685351 -0.00054561
-0.02 0.792997 1.97064e-05
-0.015 0.881038 0.000699173
-0.0100001 0.946313 0.00011049
-0.005 0.986455 -0.000789556
0 1 -0.000429283
0.005 0.986455 0.000775553
0.00999999 0.946313 0.000855158
0.015 0.881039 -0.000629881
0.02 0.792998 -0.00125645
0.025 0.685352 0.000327634
0.03 0.561922 0.00144718
0.035 0.427019 2.90583e-05
0.04 0.28526 -0.00141355
0.045 0.141372 -0.000429609
0.05 1.64465e-06 0.00105797
0.0549999 -0.134475 0.000604377
0.0599999 -0.258111 -0.000686342
0.0649999 -0.367536 -0.000690088
0.0699999 -0.460061 0.000243215
0.0749999 -0.533751 0.000455475
0.0799999 -0.587466 -0.000104853
0.0849999 -0.620857 -0.00017735
0.09 -0.634333 0.000221517
0.095 -0.628991 5.05637e-05
0.1 -0.606531 -0.00022233
0.105 -0.569135 0.000431889
0.11 -0.519348 0.000989232
0.115 -0.459943 0.000329409
0.12 -0.393791 -8.8798e-05
0.125 -0.323737 0.00090079
0.13 -0.252488 0.00164024
0.135 -0.182514 0.00102514
0.14 -0.115978 0.000663215
0.145 -0.0546745 0.00145809
0.15 -6.15354e-07 0.00189444
0.155 0.0470578 0.00119915
0.16 0.0859177 0.000648141
0.165 0.116376 0.000796045
0.17 0.138568 0.000531071
0.175 0.152922 -0.000637139
0.18 0.160103 -0.00198499
0.185 0.160951 -0.0032914
0.19 0.156425 -0.00498745
0.195 0.147543 -0.00701274
0.2 0.135335 -0.00918666
0.205 0.120798 -0.0118918
0.21 0.104855 -0.0151155
0.215 0.0883323 -0.0179396
0.22 0.0719391 -0.0199647
0.225 0.0562571 -0.0219586
0.23 0.0417359 -0.0241782
0.235 0.028698 -0.0253992
0.24 0.0173467 -0.0245824
0.245 0.00777874 -0.0221197
0.25 6.89626e-08 -0.0184602
0.255 -0.00605799 -0.0128491
0.26 -0.0105212 -0.00438757
0.265 -0.0135559 0.00679538
0.27 -0.0153537 0.020248
0.275 -0.0161179 0.0361133
0.28 -0.0160518 0.0545666
0.285 -0.0153498 0.0750293
0.29 -0.0141905 0.0965537
0.295 -0.012732 0.118463
0.3 -0.011109 0.140094
0.305 -0.00943211 0.160253
0.31 -0.00778794 0.177352
0.315 -0.00624078 0.189918
0.32 -0.00483473 0.196751
0.325 -0.00359642 0.196688
0.33 -0.00253798 0.188368
0.335 -0.00166003 0.17042
0.34 -0.000954484 0.142
0.345 -0.000407137 0.103025
0.35 -2.72067e-09 0.0537679
0.355 0.0002869 -0.00543413
0.36 0.00047397 -0.0737951
0.365 0.000580899 -0.149592
0.37 0.000625852 -0.230316
0.375 0.000624958 -0.313178
0.38 0.00059204 -0.395303
0.385 0.000538537 -0.473481
0.39 0.000473584 -0.544017
0.395 0.000404185 -0.603091
0.4 0.000335463 -0.647236
0.405 0.000270934 -0.673529
0.41 0.000212795 -0.679525
0.415 0.000162205 -0.663257
0.42 0.000119532 -0.623495
0.425 8.45796e-05 -0.560025
0.43 5.67766e-05 -0.473755
0.435 3.53251e-05 -0.366606
0.44 1.93206e-05 -0.24138
0.445 7.83951e-06 -0.1017
0.45 1.89614e-10 0.0480346
0.455 -4.99836e-06 0.202782
0.46 -7.85491e-06 0.35708
0.465 -9.15752e-06 0.505334
0.47 -9.38501e-06 0.642097
0.475 -8.91454e-06 0.762295
0.48 -8.03312e-06 0.861425
0.485 -6.95079e-06 0.935758
0.49 -5.81434e-06 0.982514
0.495 -4.7203e-06 1
0.5 -3.72665e-06 0.987705
0.505 -2.86301e-06 0.946315
0.51 -2.13898e-06 0.877661
0.515 -1.55094e-06 0.784601
0.52 -1.08717e-06 0.670876
0.525 -7.31757e-07 0.540945
0.53 -4.67258e-07 0.39978
0.535 -2.76538e-07 0.252633
0.54 -1.43872e-07 0.104796
0.545 -5.55303e-08 -0.0386388
0.55 -1.18964e-12 -0.172989
0.555 3.20364e-08 -0.294159
0.56 4.78893e-08 -0.398787
0.565 5.31081e-08 -0.484347
0.57 5.1773e-08 -0.549209
0.575 4.67793e-08 -0.592651
0.58 4.00982e-08 -0.614823
0.585 3.30035e-08 -0.616685
0.59 2.62611e-08 -0.599902
0.595 2.028e-08 -0.566726
0.6 1.52301e-08 -0.519841
0.605 1.11298e-08 -0.462213
0.61 7.90966e-09 -0.396935
0.615 5.45544e-09 -0.327085
0.62 3.63763e-09 -0.255597
0.625 2.32902e-09 -0.185149
0.63 1.41464e-09 -0.11808
0.635 7.96402e-10 -0.0563245
0.64 3.94129e-10 -0.00137585
0.645 1.44704e-10 0.0457246
0.65 3.36895e-15 0.0843768
0.655 -7.55371e-11 0.114391
0.66 -1.0741e-10 0.135944
0.665 -1.13305e-10 0.149521
0.67 -1.0507e-10 0.155852
0.675 -9.03052e-11 0.15585
0.68 -7.36324e-11 0.150536
0.685 -5.76488e-11 0.14099
0.69 -4.36342e-11 0.128284
0.695 -3.20529e-11 0.113443
0.7 -2.28975e-11 0.0974066
0.705 -1.5917e-11 0.0810011
0.71 -1.07601e-11 0.0649223
0.715 -7.05953e-12 0.0497276
0.72 -4.47765e-12 0.0358353
0.725 -2.72703e-12 0.0235313
0.73 -1.57559e-12 0.0129802
0.735 -8.43749e-13 0.00424089
0.74 -3.97196e-13 -0.00271626
0.745 -1.38717e-13 -0.00799062
0.75 -3.45518e-18 -0.0117331
0.755 6.55212e-14 -0.014129
0.76 8.86239e-14 -0.0153821
0.765 8.8929e-14 -0.0157019
0.77 7.84434e-14 -0.0152925
0.775 6.41324e-14 -0.0143442
0.78 4.97415e-14 -0.0130277
0.785 3.70446e-14 -0.0114905
0.79 2.66715e-14 -0.00985524
0.795 1.86369e-14 -0.00821943
0.8 1.26642e-14 -0.00665682
0.805 8.37411e-15 -0.00521947
0.81 5.38492e-15 -0.00394042
0.815 3.36064e-15 -0.00283682
0.82 2.0276e-15 -0.00191296
0.825 1.17465e-15 -0.00116338
0.83 6.45585e-16 -0.000575573
0.835 3.28858e-16 -0.000132499
0.84 1.47261e-16 0.000185396
0.845 4.89219e-17 0.000398498
0.85 1.67804e-21 0.000526756
0.855 -2.09078e-17 0.000588766
0.86 -2.69009e-17 0.000601178
0.865 -2.5677e-17 0.000578362
0.87 -2.15447e-17 0.000532301
0.875 -1.67551e-17 0.00047263
0.88 -1.23616e-17 0.000406803
0.885 -8.75721e-18 0.000340331
0.89 -5.99755e-18 0.000277056
0.895 -3.98643e-18 0.000219447
0.9 -2.57677e-18 0.000168875
0.905 -1.62077e-18 0.000125879
0.91 -9.91394e-19 9.03935e-05
0.915 -5.88538e-19 6.19424e-05
0.92 -3.37769e-19 3.97986e-05
0.925 -1.86136e-19 2.31069e-05
0.93 -9.73107e-20 1.09763e-05
0.935 -4.71521e-20 2.54493e-06
0.94 -2.00847e-20 -2.97745e-06
0.945 -6.347e-21 -6.28579e-06
0.95 -2.22947e-25 -7.96916e-06
0.955 2.45438e-21 -8.51054e-06
0.96 3.0039e-21 -8.29318e-06
0.965 2.72741e-21 -7.61123e-06
0.97 2.17688e-21 -6.68225e-06
0.975 1.61037e-21 -5.66043e-06
0.98 1.13016e-21 -4.64927e-06
0.985 7.61573e-22 -3.7131e-06
0.99 4.9614e-22 -2.88708e-06
0.995 3.1369e-22 -2.18562e-06
