0 1 0
0.125664 0.992115 -0.125333
0.251327 0.968583 -0.248689
0.376991 0.929777 -0.368124
0.502654 0.876307 -0.481752
0.628318 0.809018 -0.587784
0.753982 0.72897 -0.684545
0.879645 0.637426 -0.770511
1.00531 0.535829 -0.844326
1.13097 0.425782 -0.904825
1.25664 0.30902 -0.951055
1.3823 0.187385 -0.982286
1.50796 0.0627949 -0.998026
1.63363 -0.0627858 -0.998027
1.75929 -0.187376 -0.982288
1.88495 -0.309012 -0.951058
2.01062 -0.425774 -0.904829
2.13628 -0.535821 -0.844331
2.26194 -0.637419 -0.770517
2.38761 -0.728963 -0.684552
2.51327 -0.809012 -0.587791
2.63894 -0.876302 -0.48176
2.7646 -0.929773 -0.368132
2.89026 -0.96858 -0.248698
3.01593 -0.992113 -0.125342
3.14159 -0.999999 -9.1452e-06
3.26725 -0.992115 0.125324
3.39292 -0.968585 0.24868
3.51858 -0.92978 0.368115
3.64424 -0.876311 0.481744
3.76991 -0.809023 0.587776
3.89557 -0.728976 0.684538
4.02124 -0.637432 0.770505
4.1469 -0.535837 0.844321
4.27256 -0.42579 0.904821
4.39823 -0.309029 0.951052
4.52389 -0.187394 0.982284
4.64955 -0.062804 0.998025
4.77522 0.0627766 0.998027
4.90088 0.187367 0.982289
5.02654 0.309003 0.95106
5.15221 0.425765 0.904832
5.27787 0.535813 0.844335
5.40353 0.637411 0.770522
5.5292 0.728957 0.684558
5.65486 0.809006 0.587798
5.78053 0.876297 0.481768
5.90619 0.929769 0.36814
6.03185 0.968578 0.248707
6.15752 0.992111 0.125351
6.28318 0.999999 1.82904e-05
6.40884 0.992116 -0.125315
6.53451 0.968587 -0.248671
6.66017 0.929782 -0.368106
6.78583 0.876315 -0.481736
6.9115 0.809028 -0.587768
7.03716 0.728982 -0.684531
7.16283 0.637439 -0.770499
7.28849 0.535844 -0.844315
7.41415 0.425798 -0.904816
7.53982 0.309037 -0.951048
7.66548 0.187403 -0.982281
7.79114 0.062813 -0.998024
7.91681 -0.0627674 -0.998026
8.04247 -0.187358 -0.98229
8.16813 -0.308994 -0.951062
8.2938 -0.425757 -0.904836
8.41946 -0.535805 -0.84434
8.54512 -0.637404 -0.770528
8.67079 -0.72895 -0.684564
8.79645 -0.809 -0.587805
8.92212 -0.876292 -0.481776
9.04778 -0.929765 -0.368148
9.17344 -0.968575 -0.248715
9.29911 -0.992109 -0.12536
9.42477 -0.999998 -2.74355e-05
9.55043 -0.992116 0.125305
9.6761 -0.968588 0.248662
9.80176 -0.929785 0.368097
9.92742 -0.876319 0.481727
10.0531 -0.809032 0.58776
10.1788 -0.728987 0.684524
10.3044 -0.637446 0.770492
10.4301 -0.535851 0.84431
10.5557 -0.425806 0.904812
10.6814 -0.309046 0.951045
10.8071 -0.187412 0.982279
10.9327 -0.0628221 0.998022
11.0584 0.0627582 0.998026
11.1841 0.187349 0.982291
11.3097 0.308985 0.951064
11.4354 0.425748 0.904839
11.5611 0.535797 0.844344
11.6867 0.637396 0.770533
11.8124 0.728943 0.68457
11.938 0.808994 0.587812
12.0637 0.876287 0.481783
12.1894 0.929761 0.368157
12.315 0.968572 0.248724
12.4407 0.992107 0.125369
12.5664 0.999997 3.65807e-05
12.692 0.992117 -0.125296
12.8177 0.96859 -0.248653
12.9434 0.929788 -0.368088
13.069 0.876323 -0.481719
13.1947 0.809037 -0.587752
13.3203 0.728993 -0.684517
13.446 0.637452 -0.770486
13.5717 0.535859 -0.844304
13.6973 0.425814 -0.904807
13.823 0.309054 -0.951041
13.9487 0.187421 -0.982277
14.0743 0.0628312 -0.998021
14.2 -0.0627491 -0.998026
14.3257 -0.18734 -0.982292
14.4513 -0.308976 -0.951067
14.577 -0.42574 -0.904842
14.7026 -0.535789 -0.844348
14.8283 -0.637389 -0.770538
14.954 -0.728936 -0.684577
15.0796 -0.808989 -0.587819
15.2053 -0.876282 -0.481791
15.331 -0.929757 -0.368165
15.4566 -0.968569 -0.248733
15.5823 -0.992106 -0.125378
15.7079 -0.999997 -4.57259e-05
15.8336 -0.992117 0.125287
15.9593 -0.968591 0.248644
16.0849 -0.92979 0.36808
16.2106 -0.876326 0.481711
16.3363 -0.809042 0.587745
16.4619 -0.728999 0.68451
16.5876 -0.637459 0.77048
16.7133 -0.535866 0.844299
16.8389 -0.425822 0.904803
16.9646 -0.309063 0.951038
17.0902 -0.187429 0.982274
17.2159 -0.0628403 0.99802
17.3416 0.0627399 0.998026
17.4672 0.187331 0.982293
17.5929 0.308967 0.951069
17.7186 0.425731 0.904846
17.8442 0.535781 0.844352
17.9699 0.637381 0.770544
18.0956 0.72893 0.684583
18.2212 0.808983 0.587826
18.3469 0.876277 0.481799
18.4725 0.929753 0.368173
18.5982 0.968566 0.248741
18.7239 0.992104 0.125387
18.8495 0.999996 5.4871e-05
18.9752 0.992118 -0.125278
19.1009 0.968593 -0.248635
19.2265 0.929793 -0.368071
19.3522 0.87633 -0.481702
19.4779 0.809047 -0.587737
19.6035 0.729005 -0.684503
19.7292 0.637466 -0.770473
19.8548 0.535873 -0.844293
19.9805 0.42583 -0.904798
20.1062 0.309071 -0.951034
20.2318 0.187438 -0.982272
20.3575 0.0628494 -0.998019
20.4832 -0.0627307 -0.998026
20.6088 -0.187322 -0.982294
20.7345 -0.308958 -0.951071
20.8602 -0.425722 -0.904849
20.9858 -0.535773 -0.844357
21.1115 -0.637374 -0.770549
21.2371 -0.728923 -0.684589
21.3628 -0.808977 -0.587833
21.4885 -0.876272 -0.481806
21.6141 -0.929749 -0.368181
21.7398 -0.968563 -0.24875
21.8655 -0.992102 -0.125396
21.9911 -0.999995 -6.40161e-05
22.1168 -0.992118 0.125269
22.2425 -0.968595 0.248626
22.3681 -0.929796 0.368062
22.4938 -0.876334 0.481694
22.6194 -0.809052 0.587729
22.7451 -0.72901 0.684495
22.8708 -0.637472 0.770467
22.9964 -0.535881 0.844288
23.1221 -0.425838 0.904794
23.2478 -0.30908 0.951031
23.3734 -0.187447 0.98227
23.4991 -0.0628585 0.998017
23.6248 0.0627216 0.998026
23.7504 0.187312 0.982295
23.8761 0.308949 0.951073
24.0017 0.425714 0.904852
24.1274 0.535765 0.844361
24.2531 0.637366 0.770554
24.3787 0.728916 0.684595
24.5044 0.808971 0.58784
24.6301 0.876267 0.481814
24.7557 0.929745 0.36819
24.8814 0.96856 0.248759
25.0071 0.9921 0.125405
