0 0 0
-0.247046109885 -0.34966273736 1
-0.25428031675 -0.0753872735214 2
-1.18434601123 -0.876842049289 3
-1.39850648525 -1.44966313457 4
-2.33884582518 -0.67663544988 5
-2.32060799449 -1.20286851363 6
-1.81376288411 -0.460501631732 7
-0.93623489733 0.348091675499 8
-0.888224544428 0.751988065872 9
-0.511941314744 0.123970562651 10
-1.33247270079 -0.247509082386 11
-0.551667736916 0.216529366519 12
0.422550019424 1.0646784632 13
0.343549614739 0.105645270272 14
0.985223663633 1.08011816637 15
1.58061248168 0.793466322019 16
0.802690195491 -0.136304975811 17
1.18824860465 0.639594216855 18
1.20009932467 0.808147176672 19
1.87555950458 0.62281735172 20
1.95550080203 1.14529491478 21
2.24093461095 0.527616343295 22
1.90626908638 0.9678428889 23
1.48601988725 0.774026762826 24
2.02609216629 1.54818519495 25
2.04369697649 1.85423116235 26
1.50281670786 2.53796316624 27
1.95872755847 2.50268607458 28
1.50782250615 2.84546640907 29
1.51121211831 2.81807546978 30
1.80177764143 3.79146038909 31
2.65709861903 4.2610135383 32
2.1589742846 3.62857918153 33
2.38513769805 4.17664256767 34
1.43589289788 4.49100739356 35
0.991029446672 5.41383294638 36
1.35974454943 5.46717148796 37
2.10624141629 5.33318686991 38
2.5148386043 5.53656454589 39
2.83272568339 6.20631523658 40
3.22714815309 5.77668049349 41
3.63909864307 6.29745853154 42
2.81194017407 6.17148598538 43
2.95442957603 6.83786627201 44
2.70447922604 6.21876420028 45
3.5558653993 5.73278900472 46
4.34850096862 6.69940455691 47
4.60935423017 6.21108112959 48
3.92634611885 6.16678270832 49
4.31686289651 5.28588984235 50
3.42155099861 4.53980552737 51
3.7767155385 4.7753471718 52
3.16532946769 4.18358734367 53
3.11717013412 5.00261618705 54
2.77569607628 5.13857073023 55
2.21168632048 4.96875594532 56
2.61576054292 5.5925267289 57
2.10961810755 5.39022967535 58
1.57787240282 6.2380469543 59
0.827782333678 5.29580758779 60
1.68637458099 4.9422852757 61
2.27308043939 4.9045610117 62
1.79534729318 3.99582620537 63
2.5830754602 3.69034652355 64
3.12349632084 3.70059083139 65
3.00164014181 3.01695308263 66
2.82347884944 2.59750379595 67
2.86761699883 1.99733620894 68
2.36805737695 1.2910587645 69
2.96784037647 1.05535898395 70
3.57944185314 0.673874769185 71
2.95052673501 0.335151387574 72
2.87361633205 -0.473308874382 73
3.23993964428 0.324666440215 74
4.1594498111 0.579130160405 75
4.4549083247 -0.225461492012 76
5.13980586274 0.40087979789 77
5.41841959273 0.278924845611 78
5.28181372005 0.455262854889 79
5.50775039806 0.487316658252 80
5.16400658459 1.20249161117 81
5.34495487935 0.886262897822 82
4.46703188574 1.43734338289 83
5.39433630557 1.87271262711 84
6.18635444036 1.08346251785 85
6.97390773694 1.54992063582 86
6.37312538548 2.52445470848 87
5.53337169887 2.98864136855 88
6.24682381021 3.77832406355 89
6.12564060411 3.0715438062 90
5.44358340008 3.6326299974 91
5.50372790838 3.03207780478 92
5.0966865419 3.77995416414 93
5.90278673839 2.81950880214 94
5.75157057742 3.12715959258 95
4.86306880215 3.679230788 96
4.05717792215 3.00299426893 97
3.22624265096 3.98907424008 98
3.4127468344 4.6179550308 99
2.53587695829 4.24174228754 100
2.35551161296 4.82937455003 101
2.33076592857 5.6409357628 102
2.01872062514 6.19894156299 103
2.57398453421 5.30264350059 104
1.99198729502 4.76775996555 105
2.93038795703 4.33862129113 106
2.70274971748 4.26362342917 107
2.52372459299 3.91076540695 108
2.95869006096 4.21416449853 109
2.37033295032 4.08161438961 110
2.18389246419 3.38289289859 111
1.97779601462 3.44081693441 112
2.5372322088 3.07852672649 113
2.96943117377 2.47306419695 114
3.28668366862 1.79999837755 115
2.64907418313 2.42273357289 116
2.6864275066 2.18712877781 117
3.23802199635 2.95707742451 118
3.84446730778 2.6286216459 119
4.32672009538 2.67941461427 120
3.88673838536 3.01417326385 121
3.20759340906 3.30544938888 122
2.24747107549 3.19534647919 123
2.82652165912 2.86540871119 124
3.37356810386 2.79231215132 125
4.36041162505 2.77204370417 126
4.86948739699 2.79440459285 127
4.43015910139 3.63585142802 128
5.35763834393 4.22181581037 129
4.80484138233 3.27619962152 130
4.22478273107 3.22469596697 131
5.14919415312 3.52765425401 132
5.86624422616 4.13665299111 133
5.94167168976 4.88463412645 134
6.13838592265 4.72675542266 135
6.17632591401 4.77357577793 136
6.5390448309 4.2365163544 137
6.94429254924 5.11198090378 138
6.61371469153 4.89353375664 139
7.32643366785 5.08577138144 140
8.02068594549 5.53687357685 141
8.71080385816 6.25449125827 142
